-4.92
-7.17
-7.59
-3.48
-12.75
-8.81
-4.49
-5.16
-2.09
-8.25
-7.31
-4.16
-5.16
-2.49
-0.78
-4.82
-4.32
-8.96
-4.84
-2.84
-2.28
-5.24
-5.68
-3.41
-8.43
-6.78
-7.77
-2.89
-2.37
-5.73
-8.5
-1.0
-2.67
-5.51
-6.31
-1.74
-2.81
-28.27
-6.49
-12.83
-3.91
-1.87
-2.56
-5.26
-2.75
-3.61
-2.97
-12.99
-5.59
-2.48
-2.7
-1.55
-1.67
-4.35
-5.49
-2.16
-3.98
-7.27
-6.4
-2.76
-13.65
-1.05
-5.4
-9.16
-1.65
-2.64
-1.15
-18.63
-31.03
-3.17
-3.7
-2.91
-7.71
-1.34
-0.48
-5.12
-4.47
-9.75
-12.87
-3.29
-2.35
-5.68
-13.36
-3.04
-6.57
-5.84
-4.95
-4.62
-10.08
-7.25
-7.01
-1.16
-6.71
-6.96
-2.91
-3.87
-5.97
-1.98
-6.21
-7.95
-13.06
-5.16
-3.49
-3.66
-6.09
-3.39
-0.96
-1.04
-2.16
-10.22
-3.59
-2.63
-2.67
-2.81
-4.0
-17.59
-8.76
-6.63
-1.96
-2.15
-3.0
-2.26
-3.74
-5.63
-10.11
-3.57
-3.38
-0.72
-5.54
-11.01
-10.12
-28.08
-6.98
-3.62
-3.14
-2.91
-3.04
-1.67
-1.33
-4.69
-5.33
-5.49
-7.01
-1.17
-3.5
-2.05
-4.21
-22.61
-11.36
-1.7
-12.31
-6.43
-1.91
-3.77
-3.94
-2.93
-1.55
-6.44
-28.72
-22.12
-4.11
-2.61
-6.97
-4.48
-2.93
-6.41
-8.43
-2.09
-9.38
-1.12
-3.25
-7.34
-5.86
-30.06
-2.13
-1.11
-6.79
-3.91
-4.07
-1.86
-0.55
-2.85
-1.57
-0.93
-5.13
-1.54
-3.1
-3.51
-7.5
-13.89
-4.99
-16.1
-10.29
-4.44
-3.09
-2.0
-2.85
-2.13
-5.78
-2.03
-6.99
-5.86
-4.64
-7.87
-4.92
-1.21
-8.68
-2.07
-2.12
-8.66
-9.07
-3.95
-6.77
-7.22
-6.41
-4.89
-4.18
-2.16
-4.9
-1.94
-5.14
-2.26
-5.5
-6.38
-0.93
-4.87
-7.24
-8.68
-10.85
-4.53
-7.83
-2.71
-7.69
-0.95
-2.04
-3.4
-9.71
-6.81
-9.47
-9.3
-4.42
-2.02
-5.48
-1.92
-1.24
-3.14
-1.97
-2.43
-3.8
-3.53
-1.1
-9.49
-13.75
-4.7
-0.72
-1.44
-3.78
-4.58
-12.83
-23.43
-7.16
-3.79
-2.63
-1.56
-4.9
-14.07
-13.21
-9.28
-3.11
-15.55
-2.86
-11.78
-19.69
-2.13
-1.61
-6.71
-5.55
-14.1
-2.05
-2.15
-2.05
-3.48
-1.07
-2.15
-4.2
-2.32
-1.97
-8.67
-11.7
-5.73
-3.92
-2.3
-1.64
-5.96
-8.97
-2.89
-13.52
-10.23
-2.61
-7.93
-2.31
-2.82
-5.87
-1.62
-4.27
-5.28
-6.33
-3.69
-5.77
-2.36
-1.53
-14.11
-10.18
-5.18
-4.84
-4.82
-4.9
-1.31
-7.81
-2.93
-10.74
-10.97
-8.16
-5.23
-11.34
-7.04
-1.92
-2.82
-2.86
-12.49
-2.62
-2.92
-9.1
-5.61
-2.06
-1.04
-3.53
-0.8
-11.71
-4.07
-1.61
-10.52
-4.1
-2.89
-4.55
-1.27
-2.25
-1.79
-3.94
-23.48
-21.55
-2.18
-3.82
-2.36
-0.95
-2.69
-8.89
-8.48
-7.18
-4.52
-3.33
-1.33
-3.24
-7.73
-10.94
-3.38
-13.94
-5.12
-6.31
-5.54
-3.88
-7.02
-3.6
-3.33
-9.72
-3.32
-1.71
-5.27
-2.36
-0.8
-3.48
-6.05
-7.21
-1.02
-2.44
-10.48
-13.26
-5.96
-1.07
-4.92
-14.65
-4.24
-6.0
-2.59
-6.23
-1.32
-7.31
-4.88
-3.61
-1.61
-4.36
-3.66
-7.02
-1.53
-1.68
-5.52
-2.8
-12.83
-29.3
-6.44
-8.68
-16.6
-5.59
-3.42
-4.33
-7.07
-14.17
-1.97
-3.46
-21.76
-10.82
-5.13
-2.51
-2.67
-3.83
-5.38
-2.34
-3.35
-8.96
-22.05
-11.27
-3.07
-2.17
-4.38
-10.68
-11.4
-4.16
-7.68
-1.04
-4.88
-3.6
-12.69
-2.41
-1.21
-1.65
-1.47
-9.1
-5.02
-8.34
-1.17
-4.69
-4.89
-40.62
-13.62
-2.98
-1.94
-5.04
-8.1
-2.6
-1.9
-1.62
-2.5
-7.41
-3.65
-4.08
-1.68
-1.64
-0.88
-4.54
-3.54
-8.96
-3.86
-2.4
-5.39
-4.71
-3.67
-20.93
-5.52
-6.14
-4.67
-2.78
-9.19
-12.0
-11.12
-2.48
-5.8
-2.97
-8.14
-3.77
-18.15
-7.5
-5.92
-2.01
-2.8
-1.61
-0.95
-1.45
-6.93
-4.66
-2.04
-0.9
-11.43
-5.35
-2.35
-2.0
-5.12
-7.15
-9.95
-26.77
-3.54
-7.06
-3.45
-2.15
-1.96
-2.25
-5.59
-1.79
-2.82
-8.69
-12.26
-7.15
-4.45
-25.83
-7.06
-2.96
-3.38
-1.79
-2.74
-7.09
-1.44
-12.12
-7.55
-6.9
-2.48
-9.63
-2.57
-7.41
-9.23
-9.85
-10.44
-42.62
-20.37
-9.49
-7.29
-7.34
-2.49
-7.11
-0.85
-5.7
-3.29
-3.55
-2.56
-3.16
-1.68
-1.49
-5.81
-10.25
-12.56
-9.68
-5.41
-5.2
-5.23
-12.27
-3.66
-2.65
-10.04
-1.85
-8.2
-2.15
-1.2
-2.76
-6.84
-9.74
-1.86
-10.79
-5.63
-3.66
-3.89
-2.99
-11.18
-23.73
-5.72
-15.98
-4.43
-1.87
-4.51
-3.64
-10.94
-6.89
-5.06
-7.8
-6.28
-1.72
-4.67
-6.12
-5.4
-2.31
-9.7
-4.02
-1.34
-1.52
-0.62
-1.76
-0.95
-3.8
-9.54
-1.24
-2.36
-5.73
-5.87
-11.35
-9.39
-1.99
-3.97
-3.06
-2.47
-4.51
-5.44
-2.71
-3.54
-10.74
-9.37
-4.7
-2.18
-4.58
-7.02
-3.46
-7.66
-2.87
-2.76
-7.93
-1.71
-4.7
-2.56
-1.66
-0.94
-10.01
-10.31
-5.8
-1.94
-3.53
-3.22
-3.32
-3.47
-4.11
-3.58
-2.61
-3.88
-3.62
-4.87
-11.82
-5.97
-10.51
-14.36
-2.13
-2.08
-1.22
-10.77
-3.99
-4.22
-1.23
-3.41
-1.16
-1.14
-3.17
-13.04
-0.71
-1.09
-2.61
-0.84
-2.49
-9.47
-2.39
-1.11
-4.66
-0.98
-4.9
-1.58
-4.56
-1.09
-5.91
-2.87
-10.3
-5.73
-2.59
-2.95
-20.31
-17.37
-4.16
-10.46
-11.48
-5.28
-16.5
-10.33
-6.65
-2.22
-2.61
-8.14
-5.46
-3.05
-2.11
-2.07
-4.47
-0.6
-1.06
-10.15
-16.61
-3.18
-2.57
-0.77
-3.29
-4.69
-2.45
-5.27
-5.38
-2.4
-2.82
-3.89
-3.37
-3.64
-4.88
-2.62
-11.02
-2.99
-3.8
-4.3
-1.49
-7.39
-6.09
-0.92
-5.85
-8.77
-13.47
-8.72
-4.22
-8.22
-6.47
-4.0
-1.51
-2.05
-6.99
-11.16
-4.74
-1.19
-16.85
-6.26
-5.23
-6.01
-10.09
-3.37
-7.24
-2.33
-4.35
-6.23
-4.57
-14.41
-2.13
-3.51
-3.08
-3.78
-2.63
-2.39
-5.0
-14.79
-3.08
-2.06
-2.61
-1.72
-2.82
-8.67
-0.93
-5.73
-10.54
-4.17
-10.81
-15.97
-7.45
-9.29
-3.7
-2.83
-2.15
-8.13
-3.27
-1.01
-9.78
-1.17
-11.13
-1.4
-5.42
-5.24
-6.1
-15.59
-25.42
-7.72
-6.17
-5.95
-6.76
-1.2
-4.63
-2.02
-4.83
-3.38
-3.48
-4.94
-2.84
-1.5
-1.24
-4.22
-3.45
-9.14
-16.22
-5.99
-4.18
-3.24
-6.84
-10.99
-6.0
-4.22
-1.71
-9.72
-1.53
-2.43
-3.71
-11.91
-4.18
-7.72
-2.43
-3.56
-9.5
-3.96
-8.75
-10.95
-12.89
-1.84
-5.55
-1.98
-3.06
-1.35
-1.08
-1.25
-1.06
-4.02
-2.1
-1.68
-4.06
-2.18
-3.28
-1.32
-1.08
-8.8
-4.6
-23.69
-1.72
-3.93
-12.04
-8.44
-2.78
-10.06
-5.08
-6.75
-8.73
-18.0
-26.79
-4.66
-4.7
-24.51
-4.15
-4.41
-2.96
-9.01
-1.11
-3.97
-2.64
-2.03
-4.36
-5.98
-1.99
-1.81
-6.99
-5.08
-11.62
-1.43
-3.28
-2.84
-5.59
-0.78
-2.28
-2.66
-3.13
-5.58
-4.09
-2.88
-8.96
-5.22
-2.96
-7.48
-1.29
-1.6
-15.09
-4.64
-1.89
-10.1
-4.89
-14.23
-3.76
-7.26
-3.37
-13.35
-4.45
-2.39
-3.02
-6.3
-4.86
-3.75
-3.3
-1.58
-6.6
-3.03
-3.4
-6.45
-3.54
-12.21
-3.12
-4.82
-4.16
-3.04
-1.24
-3.33
-1.74
-0.88
-2.83
-1.62
-1.61
-1.9
-4.04
-1.86
-2.83
-5.96
-1.4
-4.54
-2.65
-3.58
-1.38
-7.6
-1.7
-4.73
-1.43
-2.22
-4.02
-1.1
-2.96
-2.99
-1.51
-10.23
-4.41
-4.35
-3.86
-11.3
-3.28
-10.24
-2.8
-5.36
-5.88
-4.12
-8.75
-2.43
-1.43
-6.16
-3.37
-5.54
-3.34
-3.08
-3.02
-3.51
-15.17
-7.61
-5.03
-4.56
-8.16
-2.47
-4.5
-14.7
-5.29
-1.56
-6.31
-4.82
-2.92
-6.22
-2.48
-3.3
-0.97
-2.33
-12.49
-16.3
-1.8
-4.17
-13.03
-20.7
-3.54
-1.69
-10.8
-3.2
-1.52
-6.99
-8.68
-4.11
-2.77
-4.28
-2.14
-4.7
-7.66
-4.39
-2.11
-1.81
-4.1
-6.09
-10.53
-12.45
-10.67
-2.18
-2.03
-9.26
-6.62
-7.53
-6.71
-6.81
-1.24
-5.52
-6.15
-6.1
-19.68
-8.58
-12.3
-2.08
-3.31
-10.15
-3.79
-8.37
-5.73
-1.29
-0.95
-7.51
-2.18
-3.71
-5.63
-7.53
-10.39
-19.24
-5.72
-5.57
-17.42
-3.05
-2.46
-2.77
-3.9
-1.59
-1.19
-1.75
-12.84
-3.81
-7.58
-6.62
-2.46
-1.39
-3.65
-3.89
-3.33
-7.03
-3.57
-3.97
-1.17
-3.73
-3.67
-31.99
-5.44
-2.51
-5.47
-1.91
-12.7
-10.36
-4.33
-4.25
-2.72
-2.22
-2.35
-2.78
-11.59
-3.61
-5.02
-5.23
-5.18
-5.04
-6.06
-12.42
-5.41
-21.23
-3.4
-15.11
-0.88
-2.21
-2.74
-3.38
-1.2
-0.93
-3.85
-6.2
-1.24
-1.39
-12.61
-6.44
-1.86
-2.54
-13.78
-15.43
-4.55
-7.53
-2.26
-3.58
-7.95
-1.8
-1.19
-1.57
-8.32
-12.23
-3.29
-4.06
-3.72
-2.25
-14.87
-27.39
-8.98
-16.45
-11.28
-4.8
-7.13
-5.03
-3.05
-2.44
-2.1
-4.69
-9.98
-1.03
-3.58
-2.6
-1.27
-3.61
-0.82
-6.02
-15.7
-1.84
-4.05
-4.61
-5.66
-1.1
-1.55
-1.15
-2.79
-3.54
-3.06
-1.31
-10.94
-6.75
-1.99
-7.09
-3.95
-3.86
-1.42
-2.89
-3.15
-4.72
-6.25
-6.1
-6.04
-2.81
-4.15
-3.79
-1.45
-3.56
-1.16
-10.52
-7.44
-5.81
-1.64
-2.26
-3.14
-8.2
-0.55
-6.59
-5.39
-3.28
-2.84
-12.01
-2.31
-13.06
-3.75
-1.77
-4.61
-6.99
-10.17
-2.74
-3.38
-1.47
-1.33
-3.69
-6.21
-1.49
-1.37
-4.09
-8.03
-3.58
-1.36
-8.08
-1.97
-1.48
-5.62
-4.4
-14.13
-6.84
-2.88
-3.1
-6.92
-15.15
-1.78
-1.69
-2.51
-1.79
-0.92
-20.87
-4.24
-1.93
-6.53
-19.2
-17.36
-3.46
-5.14
-11.32
-1.73
-6.75
-2.88
-19.27
-5.27
-5.51
-4.3
-9.12
-5.23
-3.93
-4.97
-1.5
-3.01
-2.48
-4.91
-5.03
-2.94
-1.03
-5.21
-3.12
-4.17
-20.76
-7.44
-2.89
-2.52
-3.26
-1.92
-4.71
-8.27
-3.62
-7.59
-2.92
-2.35
-5.97
-0.75
-9.29
-21.09
-1.06
-7.46
-1.93
-2.63
-2.91
-13.96
-1.32
-3.74
-4.78
-9.06
-3.1
-5.26
-8.63
-2.48
-4.71
-3.05
-1.74
-1.98
-6.78
-5.13
-2.19
-10.2
-6.7
-2.91
-1.99
-2.68
-8.67
-6.05
-4.86
-3.23
-9.52
-4.71
-6.46
-5.59
-1.18
-0.5
-3.71
-7.07
-5.6
-8.07
-9.53
-2.63
-3.01
-4.33
-1.54
-3.17
-7.04
-8.27
-2.29
-3.37
-3.62
-25.45
-2.89
-1.66
-2.44
-8.38
-3.66
-12.7
-4.25
-11.52
-4.13
-6.19
-2.69
-3.31
-3.48
-4.2
-11.99
-9.39
-5.69
-5.68
-3.85
-2.64
-14.21
-5.37
-2.52
-5.8
-3.15
-0.67
-2.33
-2.4
-12.47
-8.24
-27.94
-9.33
-2.24
-1.74
-2.12
-3.69
-5.42
-2.51
-2.71
-6.31
-3.81
-2.71
-3.4
-5.67
-2.36
-4.36
-9.05
-2.54
-1.14
-6.85
-7.93
-2.4
-4.69
-4.53
-1.57
-8.5
-14.43
-3.0
-3.19
-7.52
-5.23
-9.34
-21.18
-11.65
-1.46
-7.33
-1.34
-2.46
-3.16
-9.31
-4.22
-2.57
-2.11
-11.25
-2.72
-6.92
-6.47
-7.12
-14.16
-3.57
-5.91
-1.66
-4.03
-1.4
-13.95
-20.36
-60.04
-6.35
-4.13
-5.36
-2.65
-5.72
-1.91
-2.17
-3.0
-9.17
-4.35
-2.7
-3.89
-1.57
-5.63
-9.95
-7.88
-4.9
-1.48
-4.78
-2.1
-7.23
-2.59
-3.73
-3.14
-1.4
-3.93
-8.32
-4.11
-2.78
-14.75
-2.8
-5.52
-1.95
-2.68
-12.95
-2.3
-4.14
-1.75
-2.7
-2.66
-11.75
-6.05
-6.07
-2.1
-5.41
-1.08
-1.2
-11.24
-11.09
-4.3
-4.09
-3.37
-0.66
-3.48
-13.77
-2.79
-5.42
-4.35
-9.9
-5.83
-3.42
-7.05
-11.25
-8.15
-5.89
-3.65
-18.83
-7.91
-8.19
-12.79
-8.66
-4.57
-10.97
-1.44
-1.74
-11.67
-3.74
-5.14
-2.3
-6.14
-7.28
-4.72
-2.24
-2.2
-16.39
-4.84
-1.14
-5.45
-8.64
-1.57
-1.81
-1.45
-4.38
-3.14
-1.21
-8.01
-4.24
-8.07
-6.14
-11.76
-8.52
-4.88
-8.72
-2.18
-4.65
-3.63
-7.38
-1.67
-4.87
-3.27
-3.89
-5.8
-7.25
-1.95
-2.87
-5.55
-3.45
-6.29
-13.02
-14.46
-3.87
-1.21
-2.25
-7.23
-2.83
-1.56
-1.12
-4.12
-2.84
-1.48
-0.79
-4.63
-2.09
-0.8
-2.27
-2.53
-1.42
-2.4
-2.07
-11.36
-6.83
-2.4
-4.0
-4.22
-2.86
-3.74
-2.35
-4.26
-8.96
-1.82
-0.88
-2.55
-2.21
-1.0
-1.45
-2.87
-4.61
-7.61
-6.32
-4.82
-7.56
-1.56
-1.81
-1.38
-8.2
-14.34
-10.03
-1.37
-5.22
-2.44
-2.8
-5.21
-4.0
-4.83
-1.46
-3.07
-2.09
-3.23
-5.14
-5.11
-8.03
-0.77
-2.33
-18.4
-25.12
-65.51
-9.1
-10.6
-1.96
-0.8
-2.07
-2.23
-1.07
-12.31
-6.43
-4.27
-5.1
-1.39
-4.46
-1.13
-2.89
-3.06
-7.26
-5.08
-9.41
-2.24
-9.06
-3.92
-3.88
-2.25
-5.78
-10.18
-2.37
-2.08
-13.06
-1.43
-9.55
-6.05
-2.15
-1.28
-16.12
-4.0
-8.68
-1.2
-4.61
-11.35
-3.7
-1.09
-3.87
-3.5
-8.25
-3.89
-2.25
-4.74
-4.59
-1.64
-10.48
-19.28
-10.23
-9.42
-4.95
-3.8
-2.66
-1.35
-1.67
-1.66
-4.97
-8.1
-9.15
-15.06
-2.61
-4.87
-2.73
-2.65
-1.55
-3.78
-3.61
-4.7
-2.0
-2.48
-7.52
-2.15
-3.49
-2.48
-2.69
-4.07
-4.71
-4.22
-5.8
-2.63
-2.99
-4.52
-2.76
-6.54
-3.41
-1.75
-2.28
-1.88
-4.26
-2.9
-8.32
-9.57
-9.45
-1.87
-1.21
-2.75
-3.4
-2.84
-1.34
-0.96
-14.28
-5.45
-1.17
-4.35
-3.01
-4.55
-0.73
-0.79
-9.06
-6.96
-5.71
-4.11
-2.08
-2.16
-9.2
-1.64
-2.16
-1.3
-4.56
-1.89
-5.48
-2.32
-2.47
-2.56
-5.54
-4.88
-6.29
-12.47
-4.18
-11.69
-2.09
-20.14
-4.7
-7.63
-26.08
-25.49
-1.67
-6.37
-4.0
-2.68
-6.2
-5.23
-9.34
-1.78
-11.66
-22.09
-6.6
-5.08
-5.52
-1.48
-4.48
-8.39
-10.84
-3.88
-2.36
-1.24
-14.21
-9.61
-2.03
-1.24
-3.6
-6.29
-4.62
-0.73
-2.27
-1.61
-1.6
-2.57
-1.31
-2.97
-2.65
-1.97
-6.66
-2.14
-8.58
-6.94
-1.71
-3.85
-4.41
-7.71
-1.62
-6.21
-9.27
-1.44
-1.31
-2.88
-2.65
-21.68
-21.27
-2.22
-11.95
-2.79
-6.08
-14.51
-3.49
-4.62
-2.65
-1.58
-2.62
-3.95
-1.6
-2.2
-6.82
-4.46
-7.82
-2.43
-1.41
-8.11
-5.53
-3.3
-3.73
-9.0
-6.86
-3.56
-7.99
-8.14
-3.83
-19.25
-14.47
-8.55
-1.31
-2.29
-0.82
-3.26
-1.51
-3.97
-8.65
-2.95
-2.34
-1.55
-2.38
-6.86
-3.07
-1.33
-6.71
-9.36
-2.59
-3.65
-15.05
-18.18
-5.74
-9.41
-1.7
-3.47
-6.84
-9.15
-4.68
-1.88
-11.69
-12.52
-5.98
-8.51
-3.16
-1.76
-17.84
-2.71
-1.76
-2.41
-4.28
-9.6
-7.29
-11.85
-13.37
-4.5
-6.63
-2.65
-4.26
-5.65
-1.93
-14.69
-21.08
-15.75
-12.71
-5.13
-6.78
-1.55
-17.3
-6.96
-9.05
-3.62
-3.72
-12.3
-2.71
-5.0
-3.37
-1.39
-2.67
-1.91
-2.12
-5.62
-3.54
-2.63
-6.76
-8.78
-24.71
-14.45
-3.06
-9.06
-2.52
-9.01
-10.3
-9.8
-6.36
-2.49
-3.5
-4.18
-4.04
-14.44
-5.92
-2.91
-1.9
-4.67
-2.36
-2.2
-10.54
-5.5
-10.67
-13.21
-6.69
-8.36
-3.2
-2.8
-2.73
-4.09
-0.5
-3.59
-6.84
-5.33
-14.28
-3.07
-7.01
-4.12
-7.29
-4.88
-16.21
-32.3
-6.28
-1.51
-4.12
-3.66
-3.15
-6.11
-7.18
-6.79
-1.45
-3.01
-11.2
-9.11
-2.2
-5.75
-12.53
-7.5
-3.05
-6.76
-12.8
-11.88
-8.92
-3.16
-1.86
-4.58
-6.38
-1.3
-2.21
-3.24
-5.35
-3.46
-8.95
-3.4
-2.84
-11.11
-30.09
-2.32
-1.49
-15.46
-13.89
-2.62
-1.12
-7.36
-2.18
-4.97
-4.96
-10.91
-5.66
-3.72
-8.68
-6.53
-4.79
-4.88
-4.7
-2.43
-4.19
-4.54
-2.57
-2.95
-6.71
-9.6
-4.31
-7.62
-4.0
-0.87
-1.0
-1.18
-4.71
-12.0
-26.46
-13.86
-6.78
-10.26
-2.57
-4.47
-5.73
-13.28
-2.87
-1.74
-1.08
-7.99
-1.67
-3.73
-1.85
-2.15
-30.02
-17.97
-26.31
-3.87
-3.14
-2.08
-2.68
-1.56
-1.87
-1.91
-11.67
-25.79
-9.37
-26.24
-22.96
-3.05
-7.02
-1.03
-4.91
-9.97
-6.23
-4.46
-16.48
-3.34
-7.86
-1.88
-2.84
-4.21
-2.98
-0.91
-1.21
-1.55
-5.2
-2.1
-5.1
-1.08
-1.02
-7.23
-1.37
-7.42
-5.19
-6.67
-9.73
-3.17
-2.93
-1.67
-3.74
-3.57
-6.08
-25.99
-18.27
-3.21
-4.04
-2.85
-24.64
-11.28
-1.79
-11.32
-8.87
-4.26
-14.83
-5.04
-25.49
-7.07
-2.65
-3.23
-5.42
-2.87
-2.64
-3.12
-3.09
-2.3
-2.97
-1.16
-13.48
-9.63
-10.33
-9.68
-4.46
-10.45
-1.21
-3.69
-17.94
-16.07
-5.95
-6.93
-6.95
-17.62
-4.37
-7.2
-4.98
-12.87
-12.59
-4.43
-2.14
-1.92
-3.53
-3.01
-2.09
-11.76
-4.08
-2.25
-1.96
-16.59
-14.25
-3.39
-1.78
-9.63
-1.49
-1.04
-1.68
-7.19
-3.71
-11.68
-8.99
-2.39
-9.39
-6.5
-7.27
-2.75
-7.22
-1.97
-1.97
-1.55
-6.53
-5.32
-1.86
-4.66
-4.16
-3.46
-6.15
-3.48
-1.18
-11.23
-15.88
-1.92
-1.65
-3.19
-4.39
-7.64
-2.4
-1.13
-15.79
-1.44
-5.81
-7.94
-4.86
-3.23
-3.62
-12.13
-16.25
-3.59
-8.57
-12.03
-2.62
-5.3
-4.38
-7.64
-1.97
-3.89
-7.45
-20.6
-4.41
-1.22
-10.25
-5.82
-4.74
-15.96
-9.01
-4.96
-1.2
-6.6
-0.98
-7.18
-1.99
-6.42
-0.65
-5.56
-9.14
-1.91
-4.73
-16.77
-1.2
-4.73
-8.86
-5.28
-1.58
-5.77
-4.34
-1.95
-1.83
-2.62
-0.86
-2.38
-1.32
-10.86
-3.37
-2.31
-1.72
-2.11
-1.82
-6.32
-2.09
-2.28
-2.21
-15.12
-5.18
-5.02
-6.51
-4.06
-1.95
-2.25
-2.65
-4.23
-5.88
-2.36
-2.09
-2.69
-1.21
-1.58
-6.78
-7.15
-8.23
-3.03
-2.82
-3.01
-3.51
-1.43
-5.23
-8.25
-7.69
-11.34
-10.16
-6.25
-15.11
-6.27
-1.77
-2.98
-1.94
-3.66
-10.71
-1.47
-4.17
-6.05
-3.02
-4.5
-10.85
-3.46
-4.07
-1.78
-3.54
-3.75
-2.21
-5.09
-3.29
-2.96
-4.29
-14.47
-10.73
-2.47
-2.35
-2.95
-0.76
-8.22
-1.92
-8.74
-5.68
-1.84
-3.37
-5.11
-4.03
-10.79
-6.37
-3.35
-1.4
-4.39
-1.57
-2.61
-2.87
-3.12
-7.36
-8.12
-4.26
-3.83
-5.11
-22.49
-7.39
-16.56
-1.66
-3.24
-1.72
-3.62
-5.05
-1.0
-4.42
-3.04
-3.16
-7.57
-8.59
-5.18
-1.97
-2.27
-4.38
-11.13
-11.32
-0.78
-5.13
-1.54
-4.03
-4.43
-4.85
-9.02
-15.36
-13.27
-23.51
-5.44
-1.1
-7.85
-2.86
-12.0
-3.55
-10.26
-1.5
-3.65
-2.87
-1.95
-10.55
-7.9
-8.15
-0.93
-2.16
-5.86
-3.95
-1.21
-6.89
-5.66
-1.14
-1.17
-3.47
-7.2
-10.35
-8.09
-6.79
-4.52
-3.88
-2.9
-2.14
-0.46
-8.33
-14.09
-8.76
-1.75
-1.88
-5.89
-2.25
-16.1
-13.94
-9.42
-5.1
-4.99
-3.28
-1.5
-20.28
-1.24
-2.34
-2.46
-8.07
-2.17
-7.35
-4.66
-8.62
-30.62
-7.8
-17.1
-2.34
-3.31
-1.35
-4.31
-15.12
-5.23
-1.62
-8.24
-3.37
-3.14
-3.22
-1.96
-10.42
-10.65
-2.13
-3.02
-9.99
-11.0
-5.56
-5.75
-7.39
-2.06
-2.23
-3.65
-4.98
-4.27
-7.34
-18.7
-5.77
-13.79
-3.46
-3.36
-4.1
-4.18
-3.85
-5.69
-2.26
-4.75
-14.71
-4.84
-2.84
-6.26
-6.5
-6.61
-7.92
-2.79
-3.01
-1.28
-1.16
-9.13
-3.93
-2.04
-2.25
-1.35
-0.92
-1.52
-8.74
-14.59
-9.26
-2.81
-1.77
-0.78
-13.14
-4.87
-3.49
-10.0
-2.84
-3.75
-1.11
-6.87
-3.24
-7.47
-2.19
-5.57
-1.6
-2.24
-6.54
-9.63
-6.91
-2.73
-10.84
-7.82
-1.9
-9.57
-9.12
-4.58
-2.66
-3.38
-11.5
-4.29
-0.99
-9.51
-2.66
-1.93
-2.95
-3.12
-8.35
-2.35
-4.62
-5.95
-8.98
-1.81
-3.59
-11.32
-2.11
-2.47
-13.31
-5.26
-2.35
-6.62
-1.85
-14.3
-3.49
-4.54
-1.57
-3.36
-4.5
-1.77
-7.35
-2.23
-5.14
-2.74
-18.81
-3.45
-4.33
-8.71
-9.8
-13.09
-3.16
-13.13
-5.76
-5.65
-1.23
-2.86
-7.81
-2.47
-12.62
-2.39
-1.26
-2.16
-5.62
-12.3
-13.34
-8.36
-3.02
-6.42
-8.28
-4.49
-1.13
-1.73
-4.02
-4.46
-2.28
-1.04
-11.98
-12.83
-11.62
-5.43
-4.29
-3.16
-1.58
-0.96
-9.02
-5.0
-7.01
-31.63
-6.0
-5.27
-10.3
-11.98
-5.49
-4.97
-8.29
-9.42
-4.45
-1.67
-9.59
-3.04
-2.5
-4.14
-1.62
-2.83
-0.78
-1.42
-2.7
-1.62
-4.12
-4.98
-11.58
-5.02
-3.09
-3.72
-3.43
-2.04
-5.7
-8.67
-4.84
-15.64
-1.47
-4.6
-5.99
-2.25
-2.3
-0.76
-1.44
-2.28
-1.66
-6.11
-7.08
-2.92
-14.0
-5.36
-2.74
-4.03
-6.87
-2.17
-0.93
-2.62
-4.56
-3.04
-4.44
-9.41
-2.24
-1.37
-5.39
-5.25
-3.7
-4.41
-5.61
-2.27
-3.73
-3.51
-1.29
-1.54
-3.93
-6.51
-4.84
-6.26
-17.02
-1.52
-4.72
-2.33
-5.24
-5.63
-4.33
-1.02
-9.46
-1.44
-5.49
-8.51
-3.45
-29.18
-3.31
-7.69
-4.65
-9.34
-1.09
-0.99
-2.62
-1.97
-9.18
-2.21
-0.95
-2.22
-3.5
-3.1
-1.66
-8.79
-3.02
-2.88
-3.18
-2.46
-4.04
-2.17
-4.57
-11.11
-4.99
-12.4
-11.61
-7.26
-0.75
-3.08
-4.4
-4.57
-12.31
-5.15
-9.96
-12.59
-9.57
-14.47
-4.88
-4.61
-7.13
-2.49
-9.95
-5.14
-5.35
-7.91
-3.51
-6.38
-13.85
-6.66
-1.11
-2.05
-1.9
-8.99
-2.97
-6.37
-10.55
-7.13
-2.42
-2.81
-4.09
-11.6
-3.9
-4.08
-15.91
-1.15
-3.29
-3.69
-0.75
-6.28
-3.9
-1.38
-11.85
-16.99
-7.12
-6.73
-1.86
-14.27
-1.51
-10.56
-1.49
-2.03
-15.45
-9.93
-7.36
-3.29
-4.03
-4.3
-10.13
-2.9
-6.78
-5.48
-4.82
-2.31
-2.14
-4.33
-3.14
-3.55
-11.64
-2.47
-2.64
-3.48
-1.55
-3.88
-2.75
-3.07
-24.96
-43.05
-6.44
-13.92
-10.87
-6.54
-4.62
-5.32
-2.05
-4.53
-4.91
-2.77
-9.39
-1.09
-2.72
-1.38
-4.41
-3.13
-2.01
-2.07
-8.82
-7.12
-1.05
-3.79
-10.4
-1.24
-1.37
-12.34
-3.62
-3.18
-0.95
-3.31
-10.31
-1.18
-9.66
-23.1
-15.35
-7.27
-5.01
-1.09
-1.47
-3.8
-6.78
-2.7
-2.1
-1.75
-4.19
-6.92
-1.59
-6.76
-2.53
-10.72
-8.39
-0.91
-4.63
-1.7
-4.32
-2.85
-10.46
-4.28
-1.31
-5.12
-6.51
-2.49
-6.93
-13.39
-5.31
-7.71
-2.65
-2.47
-1.45
-4.57
-2.79
-2.22
-5.52
-1.47
-2.66
-11.62
-6.37
-3.46
-7.44
-2.95
-0.81
-2.3
-3.34
-1.44
-0.72
-7.36
-9.08
-2.65
-9.85
-4.17
-2.06
-2.48
-5.38
-2.41
-1.59
-2.42
-4.33
-2.76
-1.32
-8.36
-1.92
-3.57
-1.87
-6.22
-5.48
-4.32
-3.3
-12.15
-22.78
-10.1
-4.6
-5.56
-2.41
-11.5
-1.86
-2.52
-2.91
-1.97
-2.45
-14.04
-3.18
-6.05
-3.88
-15.32
-7.72
-3.98
-4.71
-10.59
-2.05
-1.88
-5.48
-7.27
-5.82
-3.63
-6.76
-2.61
-11.44
-2.8
-2.94
-1.44
-6.0
-3.57
-4.75
-8.71
-4.85
-2.45
-12.74
-2.01
-6.8
-19.52
-11.91
-29.98
-9.83
-2.83
-15.69
-5.29
-3.47
-3.79
-0.79
-4.8
-7.15
-10.06
-6.25
-3.4
-13.46
-5.02
-9.25
-9.92
-5.21
-19.99
-33.71
-3.05
-1.94
-1.36
-5.33
-2.11
-12.99
-25.61
-1.4
-1.99
-11.11
-4.97
-0.9
-5.0
-3.42
-9.97
-7.64
-11.85
-6.23
-5.39
-2.28
-1.22
-4.49
-1.36
-2.44
-5.55
-3.25
-6.0
-9.28
-4.22
-8.61
-12.99
-4.87
-6.4
-5.35
-10.67
-1.44
-10.76
-2.01
-1.43
-3.34
-25.12
-1.46
-1.29
-3.18
-0.62
-1.72
-1.92
-3.41
-1.97
-10.11
-2.99
-5.3
-8.73
-4.28
-6.9
-10.82
-2.65
-3.55
-1.59
-4.23
-8.4
-2.36
-6.81
-6.6
-13.16
-3.2
-5.99
-13.17
-14.24
-2.04
-12.2
-1.02
-4.16
-7.54
-17.42
-4.35
-1.03
-2.57
-7.91
-5.83
-3.09
-1.79
-6.98
-4.87
-1.07
-1.62
-1.79
-1.43
-3.58
-10.69
-1.13
-3.1
-3.42
-8.92
-13.45
-1.56
-4.4
-5.4
-1.51
-7.35
-4.2
-7.94
-2.03
-7.74
-10.01
-5.83
-2.58
-4.79
-5.9
-5.9
-3.24
-9.86
-1.43
-7.46
-11.88
-4.19
-5.69
-2.01
-2.42
-4.3
-3.31
-5.07
-3.31
-10.02
-3.82
-1.85
-4.23
-2.1
-11.19
-13.95
-3.26
-2.02
-8.72
-4.27
-10.77
-7.09
-1.67
-1.91
-8.19
-2.7
-7.94
-4.85
-1.2
-4.46
-7.29
-1.63
-0.9
-1.66
-1.32
-9.91
-1.53
-3.94
-10.36
-2.56
-2.14
-3.76
-3.54
-6.8
-6.45
-5.11
-4.75
-4.45
-3.38
-2.7
-6.84
-5.56
-4.54
-2.3
-5.64
-14.74
-4.42
-4.21
-1.2
-4.4
-27.61
-8.31
-9.24
-5.33
-2.66
-1.08
-2.96
-3.35
-1.03
-4.22
-4.28
-4.48
-2.38
-1.39
-1.98
-2.75
-10.43
-8.62
-21.85
-14.13
-1.89
-2.52
-5.62
-3.37
-4.61
-4.25
-1.79
-1.11
-1.86
-1.26
-2.23
-1.91
-16.65
-8.83
-8.89
-2.08
-5.01
-10.56
-14.9
