-1091.79
-1748.99
-1630.75
-1567.07
-1488.14
-1053.04
-1255.85
-1391.77
-1037.4
-1613.18
-1263.87
-1395.05
-1355.35
-1571.2
-1452.74
-1845.36
-1602.77
-1176.03
-1655.63
-1023.68
-1341.56
-1670.55
-1057.41
-898.65
-1396.69
-1077.47
-1326.97
-1156.69
-1438.91
-1246.87
-1204.28
-1349.38
-986.54
-1079.33
-1488.47
-1424.94
-1263.85
-976.27
-1146.72
-851.57
-1287.45
-1346.95
-1207.43
-1034.5
-1046.55
-1085.36
-1186.39
-1089.54
-890.82
-129.41
-1026.68
-848.33
-369.56
-892.94
-508.04
-917.51
-242.81
-1457.99
-0.42
-397.94
-519.76
-504.2
-761.09
-504.23
-492.24
-1782.98
-322.59
-731.01
-489.88
-391.68
-491.34
-687.21
-487.97
-606.4
-0.74
-469.66
-481.93
-724.58
-254.03
-472.28
-363.42
-358.37
-126.37
-842.19
-365.5
-363.35
-1801.91
-124.54
-351.78
-243.69
-124.49
-1812.99
-464.18
-890.58
-353.76
-1044.21
-776.93
-1622.0
-1111.56
-118.3
-1755.06
-125.16
-1745.33
-120.7
-246.01
-122.12
-1556.04
-235.72
-1761.28
-476.7
-710.4
-732.02
-1413.57
-0.98
-247.13
-1302.24
-1722.99
-350.69
-1577.27
-724.85
-1008.02
-240.22
-730.57
-123.01
-0.27
-238.95
-237.68
-473.32
-1687.94
-983.13
-122.36
-481.86
-126.5
-595.37
-607.68
-356.11
-119.58
-0.11
-234.16
-117.79
-247.3
-235.7
-124.96
-354.29
-868.89
-591.08
-355.13
-724.64
-233.69
-355.91
-123.94
-123.42
-360.34
-477.32
-488.69
-476.84
-236.78
-233.21
-125.95
-731.4
-247.43
-366.76
-377.7
-365.91
-783.21
-481.24
-124.96
-605.95
-122.79
-1056.91
-241.41
-363.28
-0.39
-236.33
-125.43
-236.04
-125.94
-122.86
-121.29
-242.32
-725.57
-731.76
-357.15
-125.9
-738.47
-125.8
-875.13
-238.89
-126.13
-125.47
-120.07
-1303.01
-119.17
-247.48
-123.17
-240.41
-120.41
-117.74
-125.03
-244.34
-119.69
-126.23
-122.76
-726.87
-237.06
-240.13
-233.42
-122.62
-364.53
-238.32
-352.92
-485.77
-243.69
-126.45
-126.14
-124.34
-123.18
-353.29
-123.62
-123.38
-125.54
-622.82
-123.21
-579.41
-365.26
-243.72
-244.96
-126.52
-117.5
-236.0
-480.88
-119.04
-124.07
-369.74
-0.36
-0.47
-239.86
-120.91
-232.79
-375.81
-722.12
-244.99
-356.56
-237.86
-124.5
-122.33
-367.23
-233.52
-750.48
-773.68
-250.19
-122.92
-624.18
-490.89
-233.34
-721.14
-121.44
-120.67
-125.33
-118.91
-121.65
-122.34
-349.17
-124.98
-118.43
-622.77
-776.79
-237.63
-364.6
-358.32
-125.73
-120.86
-586.9
-246.53
-125.46
-232.87
-125.35
-478.02
-753.79
-0.98
-126.0
-0.22
-474.65
-243.39
-235.33
-589.45
-474.12
-352.71
-120.68
-126.57
-361.79
-123.02
-118.26
-116.37
-125.67
-360.47
-0.48
-362.73
-1.15
-498.58
-125.32
-125.27
-122.39
-239.91
-745.25
-521.72
-122.13
-123.89
-505.74
-124.51
-124.16
-121.2
-237.09
-0.48
-119.31
-119.91
-356.87
-607.56
-0.75
-123.42
-487.04
-124.91
-122.09
-592.38
-478.71
-474.34
-120.01
-126.03
-364.36
-480.56
-0.88
-489.3
-362.57
-361.04
-121.08
-246.72
-118.45
-358.12
-118.69
-123.9
-596.43
-377.63
-125.96
-467.88
-122.78
-127.45
-235.84
-125.29
-124.97
-370.1
-481.71
-123.81
-351.66
-124.72
-374.32
-537.71
-627.51
-354.26
-125.63
-122.81
-119.75
-246.23
-121.24
-505.51
-126.41
-503.76
-525.05
-125.7
-1.42
-235.66
-122.59
-119.52
-119.95
-600.42
-672.2
-374.05
-122.44
-127.08
-616.27
-485.61
-122.52
-359.78
-359.68
-746.9
-0.54
-126.32
-476.01
-353.86
-363.68
-118.8
-125.48
-493.14
-125.71
-125.66
-470.2
-477.82
-499.41
-483.98
-251.48
-0.12
-528.17
-477.72
-117.68
-123.41
-240.58
-232.95
-120.94
-125.29
-126.1
-243.55
-355.56
-613.39
-242.71
-238.28
-239.24
-125.9
-353.19
-532.54
-377.89
-379.05
-123.12
-124.28
-125.1
-125.25
-242.82
-357.55
-125.92
-240.37
-125.47
-365.94
-126.41
-241.57
-126.54
-603.99
-357.56
-608.86
-119.62
-124.37
-738.63
-0.68
-126.08
-501.55
-125.68
-120.49
-236.66
-1.14
-373.21
-485.37
-241.5
-367.58
-124.72
-124.39
-241.58
-247.41
-353.21
-629.66
-376.92
-368.62
-485.43
-124.86
-241.32
-120.72
-238.31
-120.9
-246.15
-537.36
-126.79
-244.26
-504.01
-361.08
-355.29
-364.35
-0.43
-240.7
-237.36
-364.73
-126.56
-472.52
-119.19
-121.96
-0.42
-125.63
-126.62
-360.17
-242.08
-123.23
-123.96
-122.49
-235.98
-1.27
-376.87
-0.5
-120.79
-124.08
-120.46
-241.32
-119.14
-236.66
-120.14
-353.72
-598.7
-243.03
-244.55
-356.41
-125.54
-123.42
-359.42
-470.76
-473.6
-477.77
-122.21
-234.04
-118.72
-245.11
-123.49
-121.98
-252.57
-233.45
-124.38
-121.38
-370.36
-0.88
-236.54
-476.68
-232.98
-120.07
-496.63
-125.7
-125.23
-247.67
-124.34
-125.36
-563.58
-246.42
-243.85
-238.31
-358.21
-350.77
-124.9
-119.72
-0.49
-123.04
-361.65
-353.83
-125.35
-594.65
-120.16
-126.24
-242.13
-363.52
-122.93
-238.82
-235.57
-492.32
-500.04
-0.67
-125.4
-122.21
-350.61
-122.5
-537.13
-482.57
-247.39
-244.99
-624.69
-353.24
-354.93
-578.13
-123.58
-243.34
-243.39
-771.51
-0.9
-526.32
-116.62
-122.31
-515.61
-480.8
-498.82
-0.47
-118.55
-1.51
-367.32
-118.95
-369.37
-247.94
-591.89
-124.17
-0.14
-363.88
-0.26
-237.98
-234.52
-560.0
-237.76
-383.77
-122.22
-122.22
-238.13
-366.95
-120.62
-126.38
-352.1
-526.06
-476.12
-624.79
-239.87
-351.81
-0.41
-237.93
-233.55
-355.52
-233.98
-241.24
-0.14
-118.82
-582.56
-0.2
-250.72
-121.45
-522.88
-471.67
-367.0
-240.97
-349.4
-238.6
-124.22
-605.75
-0.29
-233.93
-238.51
-521.9
-123.56
-125.53
-353.18
-242.56
-485.62
-120.66
-240.61
-125.32
-353.1
-126.75
-0.45
-348.74
-592.71
-119.23
-605.13
-249.93
-537.94
-120.09
-120.62
-236.58
-238.56
-241.54
-363.72
-117.48
-125.92
-121.65
-368.01
-517.94
-367.72
-120.61
-122.87
-126.05
-602.32
-355.87
-119.64
-491.42
-244.97
-124.51
-237.81
-122.49
-235.06
-121.22
-117.49
-125.88
-126.67
-249.43
-549.84
-125.75
-125.62
-238.89
-364.56
-355.55
-252.44
-503.95
-593.19
-481.2
-352.54
-474.25
-469.88
-579.09
-353.81
-126.86
-353.58
-119.68
-0.1
-122.12
-1.3
-126.45
-250.11
-119.25
-358.08
-243.59
-489.46
-122.38
-126.27
-492.37
-594.41
-589.27
-123.16
-125.2
-126.73
-365.59
-125.73
-482.36
-595.0
-361.97
-0.95
-125.21
-122.94
-580.3
-511.08
-0.08
-604.56
-369.7
-356.59
-638.15
-125.9
-126.05
-482.13
-614.76
-479.63
-356.44
-350.8
-118.76
-240.28
-121.1
-579.94
-245.65
-350.68
-121.78
-241.53
-121.09
-121.9
-234.58
-478.32
-364.39
-523.46
-588.61
-123.98
-618.69
-120.86
-125.72
-349.67
-234.54
-126.09
-350.64
-123.52
-125.58
-122.88
-124.4
-548.72
-124.02
-125.49
-121.23
-349.23
-121.46
-358.48
-559.07
-364.04
-232.24
-363.8
-247.52
-471.42
-237.41
-358.55
-125.34
-481.88
-124.78
-121.11
-370.73
-121.65
-362.48
-123.89
-125.77
-239.89
-514.16
-241.74
-122.97
-351.6
-0.3
-121.05
-1.44
-484.62
-469.87
-124.19
-487.42
-376.49
-478.16
-126.54
-562.94
-874.19
-483.24
-380.28
-633.28
-499.66
-244.99
-618.7
-633.07
-238.33
-125.35
-613.51
-479.29
-242.93
-125.95
-467.35
-0.13
-362.02
-126.53
-610.56
-122.36
-366.24
-613.11
-486.24
-126.0
-251.08
-488.42
-357.56
-370.52
-125.08
-246.32
-380.16
-242.65
-240.45
-244.18
-119.37
-356.0
-117.11
-123.49
-126.04
-124.44
-121.01
-123.24
-236.88
-485.7
-233.26
-553.56
-370.36
-251.03
-252.66
-251.47
-493.26
-359.31
-122.15
-358.99
-484.9
-364.06
-121.06
-588.91
-125.13
-361.17
-233.72
-359.79
-125.57
-471.64
-121.84
-120.2
-126.3
-124.38
-504.09
-123.64
-121.54
-365.48
-120.6
-240.5
-497.81
-487.22
-366.37
-241.25
-366.28
-121.92
-425.22
-624.15
-374.52
-1.81
-121.74
-355.26
-124.09
-118.94
-123.45
-476.38
-476.28
-119.24
-121.32
-236.44
-120.74
-123.88
-353.67
-118.94
-357.62
-236.86
-119.56
-125.47
-126.41
-121.38
-124.86
-125.5
-126.03
-585.45
-124.84
-125.73
-119.57
-124.48
-245.68
-612.1
-122.68
-471.93
-361.51
-494.52
-126.06
-122.95
-361.5
-475.42
-358.44
-246.78
-738.1
-125.44
-120.71
-124.82
-237.7
-352.19
-608.18
-0.85
-241.5
-242.57
-124.57
-244.93
-125.16
-355.88
-487.24
-355.05
-487.34
-120.16
-725.98
-475.54
-602.6
-365.18
-233.22
-499.12
-121.16
-231.41
-240.77
-354.37
-240.69
-126.4
-237.55
-492.16
-122.73
-125.93
-477.81
-124.4
-233.71
-505.06
-238.49
-124.85
-124.14
-491.41
-555.71
-236.94
-123.5
-0.26
-238.22
-0.38
-121.52
-251.51
-240.69
-472.66
-591.54
-241.97
-365.59
-125.34
-122.16
-127.0
-239.98
-361.21
-240.97
-487.26
-117.63
-125.59
-125.56
-599.61
-123.32
-123.28
-125.41
-242.75
-122.16
-244.58
-0.49
-474.34
-123.85
-488.37
-121.44
-374.08
-516.63
-478.84
-351.59
-125.63
-251.54
-233.75
-119.13
-478.69
-240.67
-491.95
-490.22
-504.48
-240.36
-123.33
-126.04
-125.37
-0.87
-486.97
-494.67
-241.61
-120.04
-247.79
-353.71
-353.76
-241.53
-125.94
-365.53
-119.54
-356.87
-120.11
-124.71
-366.9
-123.03
-234.15
-236.08
-117.85
-125.41
-243.07
-119.15
-368.82
-123.97
-239.39
-353.37
-122.17
-712.85
-121.05
-237.22
-122.89
-125.45
-241.69
-468.89
-145.86
-119.27
-240.46
-481.94
-245.72
-363.64
-125.3
-122.83
-239.34
-122.31
-121.58
-738.03
-464.69
-1.15
-123.49
-725.62
-375.72
-607.11
-357.3
-241.92
-122.99
-355.26
-356.75
-121.74
-599.45
-125.69
-126.51
-230.48
-125.06
-127.18
-125.78
-238.66
-492.72
-240.92
-241.78
-500.82
-121.98
-127.45
-367.72
-237.84
-354.89
-468.63
-357.2
-233.91
-243.29
-357.14
-125.61
-483.51
-126.18
-0.49
-472.04
-480.08
-365.64
-493.5
-478.66
-1.11
-571.71
-121.62
-124.23
-127.37
-126.18
-249.0
-0.45
-125.51
-121.96
-124.41
-125.51
-252.11
-488.76
-126.21
-366.01
-1.37
-121.31
-474.56
-126.56
-240.1
-124.25
-0.86
-240.97
-355.77
-492.65
-351.03
-125.7
-123.76
-122.92
-246.59
-122.42
-239.27
-240.29
-125.48
-126.49
-124.26
-120.96
-234.28
-238.77
-124.11
-0.91
-125.98
-470.89
-0.75
-235.17
-123.86
-470.14
-125.52
-357.13
-376.18
-124.41
-480.1
-120.13
-120.95
-119.46
-126.39
-120.62
-121.1
-483.26
-120.83
-240.1
-0.59
-237.9
-237.67
-0.57
-122.76
-476.03
-126.45
-240.34
-121.54
-124.95
-591.96
-1.46
-119.3
-0.74
-355.88
-470.66
-248.92
-478.98
-117.6
-126.41
-123.78
-472.09
-122.97
-125.84
-571.77
-0.77
-241.22
-535.84
-472.4
-123.1
-127.75
-500.51
-119.71
-359.89
-125.35
-245.46
-124.97
-0.78
-680.91
-117.48
-236.27
-125.55
-565.57
-123.06
-250.08
-122.49
-123.38
-496.28
-123.73
-606.32
-124.97
-618.03
-236.98
-124.18
-125.96
-364.7
-497.25
-126.54
-489.25
-125.23
-244.31
-124.36
-125.41
-241.95
-241.55
-360.87
-124.89
-507.09
-550.82
-248.6
-118.75
-0.47
-596.12
-601.36
-486.76
-234.14
-238.08
-120.75
-358.49
-488.49
-125.31
-126.36
-0.51
-0.7
-240.03
-483.56
-238.64
-119.92
-117.5
-120.5
-498.23
-116.01
-474.91
-479.46
-123.84
-124.76
-126.06
-238.82
-127.75
-356.24
-475.35
-590.77
-123.23
-123.75
-123.7
-0.05
-361.59
-121.89
-240.56
-122.68
-119.77
-125.52
-471.71
-0.29
-355.54
-350.31
-245.66
-243.15
-123.72
-119.59
-234.29
-360.07
-238.01
-240.07
-499.15
-356.57
-119.72
-575.56
-121.5
-122.27
-496.7
-123.49
-618.53
-124.89
-243.26
-624.86
-235.4
-232.62
-236.23
-611.48
-236.69
-619.97
-124.68
-500.07
-250.91
-125.31
-245.09
-0.42
-0.39
-119.6
-122.82
-124.41
-124.23
-557.58
-120.59
-582.98
-239.19
-481.51
-120.87
-239.17
-246.59
-241.64
-595.9
-485.61
-251.28
-238.2
-243.67
-125.42
-496.99
-628.28
-0.32
-357.06
-358.72
-242.37
-122.95
-601.29
-0.3
-358.73
-477.15
-243.01
-119.24
-616.91
-879.65
-620.84
-124.4
-470.08
-374.87
-883.69
-362.11
-372.05
-0.37
-121.1
-354.45
-119.36
-610.95
-355.83
-125.28
-242.3
-233.37
-123.96
-363.87
-364.06
-501.87
-121.8
-122.84
-123.13
-124.7
-350.51
-125.48
-124.87
-124.42
-359.02
-122.7
-124.48
-125.7
-662.15
-124.0
-236.44
-237.7
-494.14
-122.87
-357.07
-352.11
-123.08
-604.7
-487.93
-521.99
-121.97
-248.08
-246.72
-244.24
-244.14
-481.75
-125.39
-246.17
-125.3
-121.27
-598.88
-242.3
-232.18
-498.42
-599.23
-503.36
-121.38
-125.3
-237.53
-237.73
-118.76
-360.12
-485.41
-0.92
-121.87
-1.0
-125.37
-125.09
-603.95
-121.14
-121.6
-123.71
-239.39
-120.8
-124.58
-597.94
-350.84
-124.21
-125.43
-467.36
-0.6
-117.97
-667.66
-1.67
-374.68
-0.05
-120.86
-125.79
-126.41
-356.0
-473.87
-126.62
-583.8
-370.05
-645.61
-359.75
-242.8
-119.56
-249.97
-125.18
-119.15
-0.95
-126.37
-245.82
-126.3
-485.35
-125.19
-359.17
-125.23
-120.46
-238.07
-243.81
-538.83
-508.16
-595.34
-124.16
-124.79
-244.85
-125.3
-123.08
-0.46
-487.4
-252.52
-488.22
-354.7
-353.94
-237.34
-369.56
-249.49
-702.02
-360.37
-120.76
-355.26
-118.53
-481.27
-365.04
-125.0
-120.18
-252.11
-124.8
-124.98
-672.02
-481.74
-240.34
-120.3
-124.72
-125.78
-355.94
-238.68
-122.72
-245.69
-127.69
-236.04
-122.7
-124.23
-125.4
-124.61
-239.67
-249.83
-374.42
-502.68
-496.7
-117.69
-375.53
-126.02
-595.6
-246.46
-490.47
-118.39
-736.96
-119.48
-123.17
-483.73
-480.68
-369.16
-125.9
-239.75
-126.33
-122.97
-125.99
-126.84
-524.29
-122.41
-122.38
-361.62
-233.67
-119.04
-244.49
-362.9
-422.88
-541.43
-316.16
-607.11
-374.44
-487.39
-349.38
-362.21
-125.0
-507.39
-1.6
-0.31
-603.22
-0.94
-611.41
-123.73
-125.15
-349.7
-121.98
-124.2
-118.89
-358.12
-118.99
-235.76
-622.47
-520.87
-124.93
-242.74
-486.64
-375.15
-236.52
-0.38
-573.13
-124.94
-241.3
-124.1
-121.7
-507.17
-365.01
-122.32
-118.53
-123.3
-127.11
-628.41
-597.44
-617.66
-236.71
-482.93
-370.77
-126.03
-239.2
-588.61
-239.75
-0.27
-587.99
-121.83
-507.15
-242.44
-125.28
-235.17
-117.73
-122.5
-0.17
-492.91
-119.86
-476.82
-125.83
-485.34
-119.79
-353.72
-248.94
-245.83
-116.51
-126.96
-121.12
-473.54
-370.61
-125.44
-235.66
-357.55
-477.33
-239.77
-0.21
-572.24
-354.76
-120.15
-241.08
-123.71
-120.18
-125.33
-119.09
-492.29
-236.77
-124.81
-511.84
-368.58
-366.98
-123.77
-352.02
-354.47
-123.97
-242.18
-349.27
-124.57
-587.54
-125.78
-236.85
-246.11
-125.42
-121.46
-120.08
-125.06
-245.73
-125.05
-252.26
-126.91
-123.4
-368.76
-122.78
-489.11
-480.14
-120.6
-244.59
-125.15
-116.66
-125.04
-245.88
-350.84
-362.78
-125.54
-124.0
-737.76
-239.6
-249.82
-380.31
-243.27
-243.54
-370.86
-355.14
-126.2
-123.44
-354.84
-597.84
-375.09
-122.47
-367.58
-529.84
-241.14
-360.5
-593.68
-125.65
-1.6
-127.11
-390.06
-379.46
-738.68
-481.88
-589.13
-125.85
-470.88
-119.23
-125.73
-601.09
-121.4
-620.11
-117.27
-127.19
-496.25
-118.08
-123.13
-588.78
-610.65
-369.04
-125.93
-367.57
-351.55
-479.08
-120.47
-360.73
-119.74
-125.42
-0.64
-366.86
-124.91
-355.23
-119.52
-127.09
-241.49
-119.74
-125.82
-239.62
-545.86
-560.73
-0.28
-119.98
-527.27
-233.09
-124.96
-242.37
-250.69
-363.61
-355.68
-495.43
-351.96
-248.9
-124.21
-494.31
-356.17
-358.04
-533.97
-123.31
-237.78
-361.75
-121.84
-482.38
-127.55
-125.62
-127.44
-126.32
-241.29
-122.7
-121.53
-575.03
-128.41
-353.46
-619.54
-376.54
-497.58
-117.79
-123.51
-233.86
-123.35
-367.8
-485.95
-590.23
-579.27
-462.95
-377.69
-124.86
-126.88
-118.52
-119.92
-240.41
-246.37
-122.33
-118.38
-241.35
-360.86
-243.59
-0.34
-124.58
-477.56
-119.74
-483.37
-0.61
-0.45
-470.05
-124.2
-126.34
-237.43
-357.38
-117.83
-242.94
-125.96
-0.97
-236.06
-1.15
-125.11
-369.01
-117.67
-371.46
-122.7
-118.6
-242.17
-243.73
-237.04
-352.91
-125.5
-0.97
-124.39
-481.68
-119.29
-368.77
-698.38
-245.31
-353.89
-736.47
-353.98
-362.12
-361.14
-124.52
-124.74
-118.28
-365.48
-123.17
-126.31
-486.52
-0.62
-125.86
-552.35
-125.53
-0.81
-351.01
-124.4
-119.57
-479.7
-0.73
-1.12
-359.27
-364.36
-121.9
-356.2
-123.57
-235.68
-124.45
-363.63
-121.91
-243.42
-356.76
-245.37
-243.68
-488.35
-481.74
-125.8
-474.03
-125.74
-559.52
-120.78
-117.81
-125.1
-124.84
-119.5
-242.79
-353.97
-121.4
-359.71
-367.15
-472.57
-125.64
-240.11
-593.3
-482.58
-473.09
-126.59
-236.79
-1.5
-127.51
-127.16
-124.35
-126.14
-124.44
-575.58
-365.04
-124.01
-568.92
-244.65
-490.75
-122.88
-125.81
-489.6
-359.89
-496.16
-371.39
-475.19
-359.94
-485.1
-241.37
-349.15
-496.34
-248.71
-368.88
-467.64
-123.07
-126.04
-235.61
-493.97
-238.03
-732.64
-238.51
-126.23
-370.4
-1.6
-120.43
-124.57
-367.4
-583.28
-234.5
-585.66
-121.6
-126.81
-520.54
-123.51
-121.34
-1.79
-1.92
-126.67
-238.17
-356.18
-0.92
-234.18
-125.74
-237.2
-234.03
-1.12
-121.0
-241.61
-240.63
-490.3
-128.01
-530.83
-123.8
-487.64
-124.97
-126.21
-123.08
-126.46
-1.96
-612.44
-125.34
-477.91
-118.33
-120.5
-530.55
-360.33
-241.79
-123.47
-126.41
-0.88
-2.04
-245.71
-592.47
-127.96
-248.58
-120.69
-488.13
-236.3
-125.52
-1.73
-1.4
-244.01
-240.05
-480.9
-127.93
-253.47
-465.01
-609.78
-357.08
-0.82
-123.91
-488.2
-0.74
-125.24
-622.72
-359.33
-582.2
-239.13
-121.07
-124.64
-1.35
-241.43
-126.48
-246.78
-370.21
-121.63
-0.79
-361.09
-237.88
-567.45
-247.65
-125.32
-121.55
-240.8
-125.67
-507.39
-122.74
-610.28
-245.23
-359.38
-119.64
-0.5
-364.25
-233.75
-125.1
-124.19
-126.3
-118.35
-495.39
-122.21
-478.16
-120.29
-479.22
-243.1
-237.44
-586.95
-121.39
-122.68
-125.47
-352.24
-124.79
-363.41
-126.28
-465.63
-121.08
-123.51
-487.38
-117.1
-504.15
-594.95
-123.4
-122.94
-246.33
-126.7
-486.51
-478.89
-119.34
-1.14
-119.32
-126.02
-244.11
-247.36
-467.23
-122.22
-124.04
-600.09
-362.56
-495.24
-364.35
-495.38
-121.73
-124.64
-236.35
-521.3
-125.6
-486.72
-124.43
-349.28
-121.67
-252.69
-121.01
-125.55
-470.94
-126.29
-122.5
-241.05
-119.58
-235.74
-478.71
-544.1
-484.59
-355.14
-572.03
-243.09
-240.71
-117.91
-242.51
-232.77
-1.02
-355.9
-484.14
-242.0
-593.91
-366.38
-126.12
-368.21
-480.9
-369.64
-123.08
-118.8
-121.58
-0.44
-119.42
-491.83
-239.03
-359.41
-595.34
-475.74
-371.55
-613.14
-118.86
-119.82
-0.36
-119.62
-120.46
-372.68
-240.66
-577.6
-597.23
-125.07
-233.2
-120.5
-123.68
-564.88
-125.12
-556.39
-126.87
-251.15
-527.68
-366.33
-358.68
-125.38
-486.49
-478.41
-125.68
-122.15
-125.74
-488.63
-492.59
-119.18
-363.4
-121.32
-236.57
-123.43
-122.78
-118.89
-0.71
-238.83
-121.5
-240.73
-121.14
-124.91
-517.22
-120.76
-352.39
-498.03
-362.37
-123.29
-122.64
-126.0
-122.33
-245.29
-480.77
-751.48
-252.5
-736.15
-233.8
-240.8
-239.36
-126.51
-484.24
-122.7
-1.42
-246.23
-376.33
-361.51
-360.43
-696.23
-241.37
-237.88
-249.87
-242.47
-121.75
-467.91
-468.53
-472.69
-367.81
-0.47
-123.59
-250.85
-636.07
-236.81
-122.16
-356.78
-360.87
-117.16
-241.85
-364.29
-493.46
-122.16
-125.93
-0.91
-233.16
-377.88
-503.24
-2.08
-232.99
-124.03
-472.96
-125.28
-0.97
-0.26
-125.19
-490.22
-123.84
-509.6
-125.29
-368.9
-233.91
-123.95
-1766.48
-124.45
-124.68
-245.26
-475.63
-117.25
-476.4
-122.08
-119.68
-364.33
-250.7
-477.25
-237.8
-0.55
-124.32
-122.7
-126.32
-126.17
-122.93
-363.48
-0.34
-656.61
-121.2
-121.23
-1.18
-117.59
-621.66
-121.96
-240.74
-124.59
-124.15
-122.73
-124.29
-119.45
-126.13
-353.53
-125.72
-1.61
-121.61
-251.97
-238.7
-123.37
-241.17
-242.2
-616.72
-504.37
-485.83
-356.58
-124.1
-121.09
-120.11
-120.96
-542.79
-481.96
-120.19
-125.12
-495.05
-125.34
-122.24
-367.61
-122.22
-125.22
-0.5
-618.13
-239.06
-0.24
-373.48
-1.56
-366.06
-236.72
-119.9
-126.57
-359.06
-1.11
-124.29
-348.08
-124.62
-125.5
-491.85
-242.06
-124.15
-1.38
-124.96
-622.7
-0.55
-249.87
-858.78
-123.43
-483.07
-125.7
-249.87
-481.37
-127.05
-234.23
-125.39
-366.59
-484.74
-352.39
-0.84
-245.43
-366.05
-363.8
-243.23
-491.65
-116.7
-123.72
-482.99
-362.69
-361.21
-125.22
-120.04
-124.74
-126.08
-541.0
-606.82
-599.03
-376.99
-737.57
-607.31
-476.05
-125.3
-120.44
-553.54
-241.34
-243.78
-591.93
-119.24
-123.13
-123.86
-119.44
-250.1
-371.17
-372.94
-491.94
-373.26
-361.18
-608.12
-482.77
-368.18
-486.45
-126.87
-254.21
-123.82
-607.64
-361.83
-118.45
-119.68
-362.47
-252.9
-127.54
-127.77
-479.24
-580.51
-369.57
-2.92
-241.68
-126.8
-120.79
-359.38
-238.34
-125.86
-121.87
-349.24
-123.27
-474.75
-353.58
-118.85
-125.69
-126.09
-497.89
-360.51
-357.86
-584.44
-119.1
-127.85
-125.88
-252.18
-497.45
-348.7
-356.4
-124.75
-246.41
-252.39
-121.55
-501.4
-364.51
-490.55
-120.63
-481.94
-500.85
-238.51
-898.83
-882.62
-239.0
-120.98
-237.59
-120.84
-128.08
-121.49
-361.72
-245.88
-479.86
-471.12
-124.5
-120.12
-367.94
-366.11
-234.21
-237.75
-122.38
-124.87
-473.33
-240.92
-0.89
-361.84
-479.34
-122.4
-119.92
-472.92
-0.73
-237.66
-122.9
-601.28
-250.28
-240.54
-614.53
-585.46
-246.19
-125.92
-374.16
-644.22
-124.09
-504.18
-481.98
-248.59
-481.71
-2.33
-564.72
-125.58
-243.4
-124.34
-0.65
-245.57
-757.32
-755.71
-855.58
-0.18
-363.67
-780.33
-883.51
-482.72
-245.02
-122.55
-376.1
-125.7
-252.53
-127.97
-349.14
-117.32
-124.56
-121.02
-122.05
-122.29
-125.71
-126.56
-475.53
-242.7
-360.75
-124.33
-359.44
-632.91
-125.51
-739.21
-126.35
-126.59
-356.04
-242.48
-125.26
-360.86
-514.3
-122.7
-490.47
-355.95
-359.24
-358.75
-351.46
-125.97
-459.73
-363.75
-373.38
-373.56
-252.75
-127.1
-362.47
-1.06
-247.85
-365.5
-126.5
-124.33
-241.16
-358.11
-375.25
-124.77
-119.3
-120.97
-244.79
-0.17
-242.14
-248.46
-241.18
-242.51
-126.13
-494.0
-231.66
-127.87
-482.92
-244.27
-239.03
-120.87
-0.36
-491.33
-123.93
-121.77
-377.65
-124.7
-126.98
-232.55
-237.6
-126.17
-1.02
-510.7
-473.27
-355.64
-124.98
-466.58
-355.58
-242.05
-477.6
-359.03
-542.32
-240.77
-124.46
-486.52
-474.71
-581.4
-244.12
-246.56
-475.41
-122.38
-123.65
-595.95
-125.03
-2.39
-127.67
-242.42
-119.92
-243.24
-498.45
-236.35
-371.2
-1.4
-126.31
-488.63
-127.44
-245.38
-514.06
-254.31
-374.48
-817.7
-600.02
-249.24
-521.25
-355.26
-362.25
-121.09
-352.78
-127.34
-466.85
-242.71
-121.78
-361.49
-125.71
-127.19
-235.44
-350.92
-520.08
-235.44
-362.2
-119.01
-233.41
-241.49
-469.8
-125.6
-372.32
-354.43
-0.42
-0.49
-125.19
-356.06
-0.75
-239.31
-469.95
-472.24
-239.32
-120.51
-476.1
-122.4
-0.36
-122.66
-480.38
-1.03
-246.67
-490.84
-605.88
-126.3
-237.67
-348.44
-466.68
-121.87
-125.77
-0.52
-127.16
-475.02
-124.58
-465.66
-0.21
-593.94
-247.52
-125.55
-118.73
-233.6
-124.07
-746.82
-122.47
-1.13
-510.34
-1.79
-124.97
-125.86
-493.28
-122.65
-235.16
-120.12
-515.76
-244.87
-123.34
-232.66
-242.21
-606.28
-246.84
-360.63
-499.7
-488.15
-497.91
-246.41
-689.09
-294.8
-734.49
-242.62
-578.02
-376.23
-360.5
-237.47
-125.89
-126.55
-119.6
-357.63
-530.14
-743.55
-233.63
-357.38
-592.78
-243.15
-352.68
-593.53
-491.81
-125.94
-117.89
-251.08
-125.28
-121.05
-722.07
-240.04
-126.19
-237.9
-120.71
-638.79
-124.35
-573.82
-126.23
-232.64
-122.06
-616.15
-517.02
-123.22
-500.81
-519.55
-126.93
-120.9
-362.53
-124.7
-121.26
-121.43
-234.09
-479.7
-477.51
-240.68
-244.22
-246.6
-246.0
-648.36
-601.33
-500.92
-117.83
-238.72
-351.97
-356.26
-121.33
-617.64
-373.34
-127.66
-249.61
-359.8
-122.96
-356.04
-121.44
-365.64
-525.54
-1.31
-494.4
-482.47
-245.59
-349.16
-125.91
-123.43
-614.9
-364.75
-120.74
-482.38
-121.16
-496.54
-241.89
-125.16
-125.46
-519.69
-241.31
-477.91
-126.48
-240.81
-125.56
-488.81
-506.88
-125.88
-120.83
-361.37
-507.77
-126.04
-0.54
-120.93
-582.43
-123.93
-510.3
-490.59
-1.21
-356.03
-361.58
-363.0
-373.18
-241.68
-123.55
-0.55
-122.53
-125.8
-237.25
-120.85
-236.64
-359.35
-353.11
-358.24
-361.87
-357.55
-362.03
-124.29
-123.35
-244.25
-252.27
-241.64
-0.16
-123.6
-495.47
-499.74
-610.07
-119.63
-122.88
-122.6
-242.43
-241.45
-124.59
-121.41
-350.2
-0.27
-467.74
-235.41
-122.63
-571.08
-364.24
-121.19
-125.56
-123.7
-576.79
-125.68
-236.31
-125.18
-125.94
-576.34
-126.57
-119.5
-866.3
-378.51
-612.43
-374.84
-605.84
-613.68
-449.56
-781.69
-123.35
-122.15
-522.19
-236.34
-122.18
-240.95
-365.22
-123.73
-592.63
-350.08
-122.8
-0.77
-248.06
-571.16
-739.51
-499.19
-0.64
-245.2
-126.33
-251.47
-235.74
-357.74
-487.5
-643.06
-620.38
-350.24
-240.55
-125.54
-125.38
-476.53
-240.8
-238.36
-124.73
-612.23
-365.28
-357.87
-504.39
-482.83
-188.71
-125.45
-598.12
-125.53
-235.46
-119.49
-125.38
-0.99
-119.42
-126.14
-239.28
-122.27
-239.4
-118.69
-127.1
-585.37
-0.19
-123.43
-126.15
-369.13
-493.16
-359.07
-357.1
-566.09
-265.64
-251.89
-126.13
-126.12
-126.1
-2.48
-483.02
-477.27
-705.86
-719.41
-368.12
-237.37
-119.9
-123.93
-480.81
-124.21
-358.01
-477.62
-236.58
-292.52
-479.18
-465.61
-126.85
-237.54
-125.4
-126.93
-122.51
-365.76
-352.65
-520.21
-126.71
-119.23
-119.43
-870.76
-1.16
-124.85
-362.06
-125.43
-246.43
-366.44
-243.67
-359.84
-374.17
-239.21
-378.37
-124.55
-122.6
-0.24
-126.34
-490.31
-121.56
-123.88
-575.91
-122.97
-238.83
-124.05
-238.64
-496.08
-618.43
-355.35
-391.81
-348.31
-127.03
-122.33
-125.17
-125.3
-126.04
-120.04
-251.3
-236.55
-128.82
-244.62
-351.65
-0.42
-125.93
-644.8
-120.95
-236.63
-125.81
-123.64
-488.07
-121.12
-237.69
-357.53
-557.63
-1.48
-126.79
-240.57
-244.47
-491.25
-125.81
-124.16
-121.62
-125.86
-356.97
-118.32
-122.2
-236.3
-495.18
-124.33
-615.95
-500.04
-242.77
-120.79
-125.62
-351.1
-495.33
-375.33
-574.85
-126.53
-124.41
-125.56
-126.4
-123.54
-126.68
-478.2
-483.82
-742.08
-889.05
-379.7
-349.59
-124.67
-121.58
-481.06
-621.18
-240.14
-238.79
-123.71
-246.04
-488.61
-355.88
-479.24
-239.13
-777.3
-484.1
-126.82
-125.84
-505.93
-126.68
-127.52
-237.59
-3.06
-495.49
-239.65
-126.24
-233.08
-857.14
-503.67
-481.36
-243.45
-243.98
-123.11
-531.53
-245.42
-125.9
-485.22
-126.17
-125.46
-242.67
-126.4
-121.58
-126.53
-240.09
-125.72
-124.44
-126.45
-126.69
-122.61
-127.84
-355.12
-125.89
-123.65
-633.01
-242.4
-482.86
-726.44
-614.36
-378.52
-252.6
-492.85
-118.84
-124.04
-125.87
-2.19
-822.45
-126.18
-243.88
-481.18
-488.56
-121.65
-119.0
-362.72
-240.2
-582.22
-629.92
-365.29
-491.9
-123.57
-480.79
-607.04
-123.23
-589.54
-546.5
-376.28
-478.89
-1.24
-482.95
-124.68
-488.43
-362.26
-240.32
-238.02
-366.49
-126.04
-245.71
-242.91
-359.74
-1.94
-120.02
-120.43
-127.51
-235.26
-238.64
-119.0
-359.89
-125.15
-125.42
-358.99
-121.45
-0.68
-240.56
-479.29
-369.52
-600.98
-569.96
-363.71
-120.91
-0.69
-237.32
-125.85
-479.79
-239.75
-481.34
-117.5
-125.71
-244.4
-484.45
-2.57
-123.91
-357.03
-497.04
-236.79
-241.96
-0.88
-238.74
-520.69
-770.48
-623.34
-499.41
-246.0
-241.12
-237.98
-120.23
-234.18
-122.39
-122.16
-121.38
-124.54
-235.67
-356.89
-122.32
-120.99
-126.6
-355.7
-123.83
-126.12
-121.64
-238.15
-122.21
-477.65
-125.14
-242.69
-475.07
-123.63
-237.67
-766.08
-0.72
-481.91
-367.06
-127.58
-124.89
-583.15
-125.22
-123.24
-487.35
-469.87
-243.79
-126.51
-484.63
-376.24
-617.04
-121.18
-120.73
-370.14
-121.92
-349.78
-240.02
-353.69
-358.49
-120.56
-359.72
-126.4
-604.23
-354.76
-117.63
-124.67
-126.99
-511.07
-614.22
-492.57
-501.68
-659.43
-237.21
-381.19
-244.31
-119.65
-243.05
-622.97
-715.54
-481.81
-371.38
-126.35
-126.34
-350.96
-127.34
-243.81
-378.63
-127.05
-118.75
-495.99
-350.62
-124.06
-124.58
-356.84
-0.35
-120.85
-123.34
-125.96
-537.2
-242.74
-117.52
-0.45
-247.42
-125.45
-126.14
-235.78
-366.82
-485.03
-127.66
-518.07
-124.24
-126.81
-240.19
-492.4
-120.98
-236.0
-122.26
-124.43
-236.09
-120.63
-470.87
-0.7
-248.97
-362.64
-484.25
-485.96
-121.07
-604.74
-241.94
-125.26
-126.36
-125.77
-484.88
-120.84
-133.13
-349.67
-1.95
-251.6
-121.64
-126.47
-123.27
-122.07
-126.54
-577.8
-236.21
-484.51
-363.36
-125.63
-126.41
-236.46
-1.21
-121.18
-127.08
-125.32
-501.16
-483.96
-479.12
-126.41
-1.55
-479.14
-125.41
-241.55
-606.56
-250.46
-486.39
-512.48
-361.73
-371.38
-122.4
-241.52
-1.0
-584.39
-119.37
-126.95
-243.42
-127.13
-235.84
-126.29
-481.26
-122.62
-121.37
-1.11
-122.38
-244.68
-123.63
-0.48
-482.87
-763.72
-253.47
-125.49
-481.3
-359.58
-363.33
-2.54
-480.56
-240.04
-250.91
-469.57
-246.84
-125.82
-119.85
-355.66
-123.28
-120.55
-120.71
-120.38
-243.17
-128.67
-126.52
-364.86
-127.66
-359.41
-121.92
-370.61
-367.67
-362.45
-122.63
-122.98
-611.64
-122.28
-126.91
-125.4
-468.36
-492.41
-357.02
-365.99
-126.47
-232.73
-126.94
-378.81
-127.21
-127.04
-127.44
-1.34
-237.44
-119.04
-244.27
-482.4
-353.33
-498.54
-361.49
-123.94
-241.84
-121.92
-121.94
-126.5
-597.94
-231.26
-126.21
-473.17
-127.18
-127.06
-125.06
-245.59
-355.76
-127.65
-3.27
-120.89
-127.09
-241.69
-495.86
-236.44
-125.64
-128.13
-245.99
-2.61
-128.1
-474.51
-127.83
-120.12
-477.28
-492.88
-356.75
-127.03
-369.29
-123.74
-122.49
-562.1
-242.63
-122.43
-124.45
-540.0
-362.41
-123.02
-123.91
-125.3
-238.55
-242.72
-122.65
-485.41
-478.38
-463.67
-491.06
-236.91
-121.03
-240.75
-365.4
-516.51
-238.7
-488.05
-363.7
-119.19
-125.33
-127.08
-242.73
-361.58
-599.7
-124.25
-481.81
-123.23
-122.74
-358.14
-124.85
-355.22
-124.43
-0.32
-236.41
-242.16
-0.38
-499.88
-120.18
-124.53
-238.31
-125.14
-124.05
-233.86
-623.05
-126.27
-564.39
-122.79
-358.88
-116.85
-621.69
-0.85
-125.52
-358.79
-123.88
-354.16
-117.81
-360.27
-119.79
-118.39
-242.35
-359.87
-125.71
-496.88
-125.59
-480.94
-377.92
-126.47
-614.67
-126.84
-0.74
-232.6
-367.97
-125.75
-120.71
-125.27
-615.92
-0.9
-610.46
-856.34
-124.26
-122.0
-120.44
-363.25
-120.17
-1.54
-365.7
-243.8
-125.92
-123.65
-124.48
-467.81
-243.11
-1.14
-488.17
-121.23
-119.05
-123.61
-120.63
-368.65
-358.89
-354.49
-0.87
-122.78
-242.29
-358.38
-123.35
-240.36
-366.09
-246.68
-121.07
-241.65
-0.74
-124.71
-596.53
-626.28
-124.12
-364.46
-123.19
-499.4
-239.42
-124.51
-0.83
-0.36
-123.89
-239.18
-354.11
-122.34
-0.73
-124.6
-367.17
-628.11
-123.9
-120.92
-122.46
-497.2
-123.69
-238.72
-126.13
-248.13
-463.5
-126.67
-125.1
-243.89
-351.73
-125.64
-609.52
-123.7
-241.61
-121.77
-605.68
-361.44
-1.0
-879.62
-1016.01
-1040.02
-602.06
-366.79
-125.85
-755.79
-362.41
-120.69
-124.2
-121.65
-354.19
-122.01
-239.18
-125.77
-238.74
-354.19
-484.13
-122.96
-623.34
-487.92
-483.19
-492.71
-125.03
-560.8
-372.44
-872.82
-487.68
-360.33
-124.0
-242.58
-126.41
-543.6
-237.04
-361.4
-123.84
-866.49
-240.3
-118.06
-369.72
-243.06
-239.98
-122.0
-490.71
-123.12
-235.89
-244.48
-1.5
-480.4
-368.89
-122.56
-353.74
-502.5
-121.75
-355.49
-623.59
-122.6
-126.19
-126.48
-239.22
-358.71
-359.7
-623.13
-118.31
-373.45
-233.52
-230.9
-125.45
-1.0
-244.68
-121.41
-240.0
-128.09
-123.7
-125.52
-243.41
-119.25
-613.17
-492.16
-1.08
-237.25
-124.86
-119.96
-363.86
-246.61
-484.8
-122.51
-120.13
-239.48
-377.81
-119.21
-122.65
-124.52
-123.55
-237.64
-119.29
-122.9
-352.15
-360.43
-611.9
-0.46
-123.43
-123.09
-241.74
-122.16
-352.95
-120.92
-858.15
-483.84
-493.62
-125.61
-238.8
-363.41
-123.99
-492.2
-120.61
-357.33
-354.83
-476.29
-351.15
-240.08
-122.82
-370.33
-561.23
-0.64
-124.8
-120.43
-121.07
-243.41
-237.25
-0.37
-126.42
-621.08
-126.66
-485.27
-236.63
-471.44
-244.83
-242.95
-124.44
-607.92
-364.66
-125.43
-360.76
-121.19
-481.69
-243.76
-362.58
-749.08
-126.68
-119.98
-123.1
-123.94
-124.02
-121.81
-124.73
-371.27
-127.11
-236.57
-478.95
-236.91
-486.65
-122.73
-123.65
-119.64
-456.55
-367.7
-125.57
-125.73
-473.92
-367.76
-353.54
-546.82
-120.79
-127.55
-0.34
-125.05
-237.91
-2.56
-126.35
-125.18
-126.64
-364.77
-125.55
-363.4
-123.23
-124.47
-238.8
-121.13
-353.22
-368.63
-119.29
-119.87
-126.54
-235.94
-240.89
-119.79
-121.64
-359.85
-498.38
-491.8
-123.77
-120.81
-252.53
-252.22
-127.45
-123.06
-768.82
-489.76
-233.03
-127.87
-125.31
-127.59
-127.74
-254.38
-2.68
-488.32
-635.95
-243.9
-245.93
-127.69
-123.33
-244.57
-3.1
-363.94
-126.93
-126.28
-488.24
-122.17
-235.4
-234.11
-1.44
-242.02
-484.41
-1.11
-124.98
-125.97
-486.53
-120.9
-479.03
-121.96
-612.2
-244.87
-246.33
-487.61
-475.22
-243.82
-243.84
-120.75
-606.56
-2.4
-486.34
-127.28
-121.68
-123.81
-478.2
-125.49
-501.68
-123.92
-125.44
-120.99
-513.41
-246.9
-351.19
-124.57
-613.62
-479.48
-497.17
-377.83
-357.59
-123.75
-641.17
-123.16
-488.33
-125.56
-120.75
-125.91
-252.75
-355.67
-251.42
-121.56
-464.13
-639.09
-584.97
-121.73
-121.44
-118.97
-123.06
-124.86
-124.04
-127.55
-242.96
-233.88
-127.24
-246.77
-364.25
-357.9
-489.43
-124.12
-481.65
-0.65
-124.45
-244.74
-247.77
-372.39
-597.58
-236.28
-243.17
-125.82
-119.17
-126.44
-253.6
-124.21
-471.19
-591.86
-481.18
-117.6
-118.9
-1.87
-753.43
-125.8
-234.86
-243.82
-240.1
-247.78
-126.31
-119.2
-123.71
-123.53
-235.34
-495.75
-352.19
-122.77
-124.17
-121.01
-125.61
-123.79
-359.73
-119.39
-121.54
-123.06
-485.95
-119.87
-125.69
-594.32
-237.54
-128.54
-615.6
-120.61
-471.98
-124.12
-125.17
-538.8
-358.95
-2.53
-251.9
-128.72
-489.72
-365.9
-378.04
-357.44
-241.37
-739.84
-125.69
-712.53
-119.7
-0.11
-368.71
-592.81
-0.42
-570.11
-122.13
-125.7
-127.18
-361.94
-241.23
-495.37
-491.22
-126.17
-123.18
-126.18
-124.8
-126.27
-533.49
-125.11
-125.76
-241.13
-522.79
-360.33
-0.95
-126.44
-487.68
-122.65
-239.36
-241.98
-118.44
-248.47
-238.67
-122.57
-489.77
-240.93
-0.43
-238.63
-0.52
-0.81
-125.18
-351.65
-240.9
-567.53
-249.19
-586.09
-121.85
-0.26
-124.04
-123.4
-0.91
-237.91
-470.36
-124.94
-121.61
-371.98
-357.89
-605.36
-358.5
-126.5
-240.73
-506.63
-126.57
-239.02
-124.16
-476.94
-124.82
-502.79
-360.58
-481.43
-124.35
-122.72
-125.94
-126.41
-119.5
-122.46
-599.08
-489.02
-126.32
-245.1
-251.84
-242.69
-234.65
-499.24
-125.74
-486.57
-629.34
-495.67
-752.05
-802.68
-750.64
-236.62
-519.02
-124.56
-120.77
-860.02
-846.13
-125.37
-247.3
-124.66
-0.43
-483.11
-358.89
-240.16
-371.45
-245.23
-486.37
-124.79
-0.83
-647.31
-241.53
-489.35
-354.95
-127.86
-127.49
-239.42
-127.22
-119.78
-123.04
-121.68
-472.83
-2.47
-358.58
-245.54
-251.33
-246.22
-241.12
-125.03
-480.95
-240.27
-126.9
-248.0
-241.81
-124.01
-245.12
-353.6
-122.33
-2.92
-125.39
-489.0
-128.22
-246.54
-600.89
-127.48
-356.13
-127.29
-126.71
-123.75
-491.61
-122.4
-361.91
-2.19
-119.43
-235.77
-123.62
-241.31
-356.75
-239.94
-123.93
-583.58
-2.48
-121.41
-500.5
-126.55
-123.33
-584.56
-470.98
-125.22
-349.96
-124.11
-126.19
-363.27
-124.19
-126.5
-372.24
-121.22
-359.81
-235.7
-1.84
-118.39
-613.34
-120.67
-1.74
-123.14
-370.23
-126.74
-121.84
-122.5
-607.53
-249.32
-361.05
-376.06
-487.94
-125.5
-124.6
-123.69
-603.57
-605.22
-126.11
-235.45
-126.0
-496.1
-124.68
-370.34
-361.42
-124.25
-238.43
-240.91
-126.81
-124.66
-126.96
-623.01
-483.89
-123.33
-126.54
-952.24
-616.77
-124.98
-124.15
-122.65
-126.4
-123.99
-481.92
-124.43
-121.91
-367.96
-247.62
-123.51
-273.54
-311.33
-0.83
-482.7
-119.21
-237.56
-0.88
-252.19
-252.97
-478.97
-350.69
-242.68
-122.59
-233.1
-123.85
-122.99
-123.98
-584.86
-124.18
-120.24
-243.11
-740.84
-243.4
-494.94
-120.91
-238.24
-568.87
-513.56
-126.11
-364.43
-364.62
-234.41
-368.29
-250.01
-123.46
-660.37
-495.14
-120.98
-237.74
-484.41
-118.82
-356.76
-238.22
-123.62
-126.33
-242.35
-125.95
-356.29
-125.87
-123.73
-359.78
-119.97
-119.87
-505.67
-501.54
-474.41
-479.84
-122.02
-252.12
-124.26
-352.33
-362.78
-237.84
-240.06
-245.59
-123.64
-122.8
-244.24
-511.69
-0.44
-126.12
-238.51
-369.51
-498.54
-880.64
-504.77
-120.32
-125.75
-369.85
-623.36
-121.02
-592.78
-119.4
-0.35
-125.46
-2.17
-244.94
-362.57
-356.6
-567.34
-506.88
-503.44
-126.02
-471.72
-124.98
-481.9
-478.42
-373.78
-528.83
-476.24
-127.77
-365.26
-372.75
-624.53
-125.65
-124.84
-0.23
-123.72
-127.57
-237.81
-126.68
-120.21
-237.91
-860.44
-124.58
-116.47
-124.84
-371.4
-358.02
-250.41
-848.22
-128.09
-247.6
-270.21
-599.35
-359.45
-124.9
-245.78
-125.56
-477.39
-379.0
-120.57
-469.19
-4.85
-3.56
-254.1
-359.01
-128.01
-568.05
-129.55
-4.7
-124.64
-367.93
-3.4
-125.22
-253.71
-123.74
-615.68
-127.46
-128.02
-253.04
-497.24
-606.76
-378.43
-250.93
-2.22
-253.86
-483.36
-236.95
-368.45
-237.61
-237.97
-125.96
-121.13
-355.52
-241.49
-354.93
-124.78
-122.53
-126.3
-121.11
-608.97
-0.27
-121.6
-600.55
-119.4
-582.99
-396.94
-595.49
-361.6
-125.52
-123.77
-126.03
-497.25
-126.44
-117.2
-125.18
-237.24
-124.19
-360.79
-481.01
-237.22
-125.01
-481.01
-127.04
-123.76
-493.12
-234.6
-363.94
-244.56
-376.58
-0.61
-694.0
-239.23
-122.72
-355.71
-245.16
-118.03
-121.67
-120.41
-371.9
-0.82
-371.83
-125.73
-483.81
-252.56
-1.52
-348.34
-365.14
-242.39
-370.71
-243.53
-126.65
-1.41
-126.07
-838.43
-375.8
-646.73
-125.9
-240.01
-529.25
-464.74
-120.89
-362.91
-123.53
-123.63
-125.0
-361.74
-495.56
-357.58
-119.9
-483.41
-1.99
-120.5
-351.93
-2.38
-233.54
-125.45
-362.57
-539.34
-244.09
-728.34
-494.0
-499.42
-126.05
-359.6
-126.3
-0.82
-1.1
-481.37
-532.03
-124.1
-125.62
-353.23
-241.9
-123.29
-487.5
-364.94
-119.38
-490.62
-652.56
-123.67
-0.7
-352.88
-629.62
-240.71
-125.21
-124.11
-367.75
-123.72
-124.69
-616.02
-501.7
-244.17
-365.5
-241.39
-571.41
-478.32
-488.28
-243.41
-245.94
-118.37
-122.96
-121.01
-354.41
-125.24
-364.4
-0.21
-488.11
-0.77
-243.33
-126.08
-124.88
-125.62
-361.12
-125.76
-484.74
-358.5
-119.17
-626.39
-746.65
-233.88
-240.15
-120.84
-481.85
-120.58
-234.24
-119.82
-476.44
-125.42
-0.42
-0.57
-120.61
-121.58
-504.77
-862.49
-1.32
-466.61
-126.85
-485.01
-360.97
-240.87
-592.58
-370.43
-241.71
-119.32
-124.15
-504.11
-745.32
-632.87
-125.51
-1.0
-125.49
-507.84
-122.78
-125.24
-122.07
-540.33
-122.82
-125.9
-234.14
-126.5
-511.34
-127.13
-0.78
-248.78
-126.5
-1.56
-123.13
-240.65
-349.34
-124.3
-122.28
-245.53
-627.21
-361.68
-364.11
-125.33
-712.53
-689.36
-126.05
-366.01
-474.86
-472.0
-472.27
-367.47
-492.53
-127.82
-121.91
-858.23
-465.35
-245.7
-239.65
-370.04
-119.84
-843.42
-491.17
-486.68
-126.32
-240.65
-242.49
-126.82
-125.82
-126.18
-126.11
-124.92
-127.34
-238.75
-126.83
-123.03
-0.7
-247.44
-125.81
-125.51
-360.58
-598.12
-942.53
-836.88
-121.17
-520.57
-245.22
-126.31
-238.68
-125.72
-122.23
-554.75
-120.48
-0.48
-619.78
-124.62
-123.28
-514.75
-609.15
-252.05
-628.15
-120.42
-366.72
-123.15
-241.3
-239.38
-0.32
-119.32
-123.8
-0.66
-492.8
-239.19
-239.39
-602.26
-121.32
-126.15
-609.37
-740.72
-506.6
-492.88
-126.58
-496.38
-126.91
-356.23
-121.19
-474.24
-357.68
-126.61
-128.63
-121.34
-530.93
-615.85
-489.09
-123.42
-124.58
-526.85
-127.37
-467.79
-241.99
-127.44
-125.46
-126.1
-124.26
-127.49
-493.45
-499.1
-362.91
-361.81
-239.63
-124.71
-477.3
-126.07
-368.01
-476.75
-354.5
-253.03
-237.57
-480.52
-779.12
-242.1
-2.3
-243.13
-124.3
-252.12
-615.75
-237.49
-120.89
-254.39
-252.18
-361.93
-123.17
-125.33
-722.31
-742.65
-235.8
-126.19
-122.95
-363.27
-359.71
-127.33
-120.64
-358.71
-693.68
-497.41
-127.26
-369.09
-126.98
-123.49
-473.04
-122.78
-236.53
-868.17
-739.96
-123.33
-243.76
-124.03
-524.21
-125.34
-123.99
-496.04
-471.42
-479.6
-121.13
-244.28
-232.85
-120.64
-370.68
-679.92
-744.09
-249.22
-126.14
-486.93
-126.26
-126.35
-123.23
-122.34
-504.83
-630.09
-121.94
-126.86
-121.75
-126.16
-1.54
-125.87
-124.41
-3.18
-243.91
-466.11
-619.48
-126.67
-3.14
-375.22
-629.66
-241.89
-121.99
-359.98
-123.84
-567.31
-123.35
-506.71
-625.37
-613.32
-839.46
-476.41
-125.36
-534.19
-125.32
-136.4
-123.75
-126.05
-127.81
-609.07
-250.92
-363.36
-595.8
-607.26
-376.55
-127.25
-126.34
-245.96
-124.59
-363.01
-359.16
-358.9
-127.04
-125.42
-126.7
-359.9
-236.75
-494.12
-358.42
-602.95
-620.64
-358.28
-123.46
-240.01
-126.33
-728.34
-619.13
-122.91
-236.32
-245.12
-244.56
-242.81
-120.84
-125.2
-125.32
-120.44
-366.85
-126.76
-124.65
-124.88
-121.28
-240.99
-240.97
-124.69
-469.84
-355.33
-588.89
-239.55
-118.71
-245.24
-356.31
-125.69
-485.64
-123.32
-355.07
-240.24
-253.97
-125.87
-242.8
-356.15
-368.61
-241.23
-357.54
-252.0
-609.12
-496.3
-123.45
-245.03
-245.64
-497.96
-366.75
-543.09
-739.86
-479.52
-245.35
-242.72
-369.84
-118.26
-356.55
-367.13
-583.8
-362.77
-866.01
-236.97
-120.93
-121.25
-240.26
-622.45
-507.51
-122.14
-4.28
-475.99
-3.54
-543.82
-554.11
-605.68
-496.73
-128.98
-373.13
-597.05
-128.07
-124.05
-522.84
-250.92
-617.27
-235.66
-742.84
-580.82
-237.13
-0.59
-123.26
-490.82
-605.67
-629.26
-364.6
-374.94
-830.47
-500.52
-614.15
-503.33
-369.45
-121.69
-529.76
-563.17
-0.82
-232.07
-123.64
-367.93
-593.22
-483.49
-356.26
-119.62
-474.02
-481.21
-233.31
-493.55
-623.48
-240.59
-242.15
-124.78
-363.4
-123.58
-466.47
-120.7
-123.35
-126.59
-121.74
-503.77
-351.9
-125.62
-491.59
-500.5
-360.08
-125.5
-123.79
-478.67
-121.15
-397.26
-617.54
-624.89
-235.59
-600.9
-127.43
-239.3
-357.56
-124.66
-358.02
-124.62
-242.2
-507.09
-367.29
-623.99
-481.96
-471.51
-502.05
-121.57
-481.35
-224.21
-1.4
-366.39
-129.34
-359.45
-237.81
-617.31
-499.41
-368.46
-0.34
-366.23
-240.74
-361.45
-371.52
-127.26
-126.26
-121.94
-243.0
-0.38
-0.2
-3.95
-606.93
-359.78
-125.28
-610.02
-236.69
-125.94
-363.98
-242.35
-353.89
-247.54
-527.8
-499.08
-479.02
-241.84
-1.53
-485.51
-122.7
-635.5
-622.35
-253.46
-121.85
-123.73
-5.0
-124.29
-545.07
-233.61
-493.37
-366.14
-117.21
-241.5
-515.68
-128.69
-124.9
-868.91
-239.04
-242.2
-253.84
-639.5
-122.43
-125.47
-120.06
-614.57
-237.55
-379.91
-483.37
-246.95
-124.72
-492.75
-493.35
-368.39
-243.36
-124.37
-743.04
-621.1
-498.16
-488.05
-573.98
-625.35
-484.79
-612.64
-5.69
-125.79
-126.71
-250.27
-125.57
-368.83
-489.81
-625.77
-126.87
-738.46
-122.79
-495.59
-606.79
-551.35
-241.23
-239.81
-616.62
-371.53
-126.04
-128.84
-252.92
-122.42
-621.33
-362.29
-121.44
-378.11
-722.87
-0.27
-359.41
-124.2
-505.29
-130.2
-775.58
-742.6
-745.66
-625.87
-737.0
-629.12
-254.25
-235.39
-122.39
-129.2
-373.55
-888.84
-879.97
-624.99
-125.56
-129.29
-368.9
-477.78
-128.37
-482.43
-127.31
-362.02
-129.09
-496.53
-475.63
-943.34
-386.99
-129.37
-608.39
-244.64
-491.47
-125.07
-129.3
-247.72
-122.01
-127.46
-240.47
-125.48
-127.34
-3.0
-233.2
-127.81
-129.87
-360.48
-238.66
-127.08
-378.15
-496.04
-240.41
-239.61
-3.08
-608.03
-244.56
-490.3
-534.32
-484.6
-237.53
-237.23
-360.26
-572.03
-490.73
-126.19
-128.47
-126.95
-123.33
-126.09
-243.21
-248.36
-128.57
-739.58
-861.72
-499.22
-650.7
-369.99
-250.14
-128.87
-125.62
-124.29
-488.51
-526.7
-242.71
-248.41
-534.54
-249.29
-472.51
-744.09
-748.03
-617.89
-487.01
-616.84
-252.53
-125.38
-122.94
-664.29
-243.47
-898.97
-497.38
-129.37
-123.49
-121.57
-121.62
-364.39
-643.66
-242.73
-237.79
-361.31
-546.87
-483.78
-625.34
-358.26
-484.01
-366.13
-470.65
-503.34
-752.85
-472.67
-511.65
-486.18
-501.47
-124.1
-240.48
-641.16
-728.89
-125.59
-236.87
-120.6
-126.62
-126.63
-477.13
-130.08
-126.88
-240.19
-356.42
-508.71
-235.06
-125.38
-232.67
-126.97
-1.69
-480.65
-126.75
-357.95
-553.58
-238.2
-124.93
-237.63
-125.26
-379.81
-117.4
-127.32
-120.04
-369.58
-353.97
-476.37
-118.56
-234.26
-123.17
-500.49
-122.26
-487.71
-128.34
-483.08
-372.73
-2.37
-123.3
-238.24
-123.43
-355.17
-123.46
-629.77
-0.35
-251.08
-127.55
-356.54
-124.84
-491.81
-124.7
-127.68
-483.94
-244.17
-250.32
-119.37
-484.99
-125.78
-240.45
-360.94
-352.22
-0.34
-482.25
-122.25
-365.39
-614.58
-505.43
-574.83
-537.1
-121.05
-127.9
-380.24
-367.04
-125.42
-473.95
-244.39
-125.7
-122.9
-617.94
-236.16
-1.41
-2.15
-240.83
-2.88
-127.58
-360.35
-236.96
-243.47
-751.33
-377.82
-122.42
-244.72
-627.92
-367.04
-121.37
-477.19
-247.99
-368.86
-124.19
-485.11
-612.02
-364.73
-517.99
-474.47
-368.94
-513.14
-474.81
-376.58
-870.93
-758.86
-254.25
-503.85
-126.15
-126.04
-243.0
-126.07
-126.12
-362.9
-119.0
-129.89
-244.1
-732.45
-621.74
-377.06
-127.75
-480.53
-129.26
-129.23
-354.24
-372.05
-243.7
-357.13
-252.25
-529.88
-122.28
-253.41
-507.14
-628.69
-617.89
-505.82
-375.22
-267.32
-493.22
-105.98
-378.48
-630.84
-752.18
-254.02
-485.3
-128.06
-116.41
-124.14
-495.04
-122.54
-524.7
-124.16
-126.91
-128.44
-129.12
-244.73
-475.42
-240.54
-128.04
-126.85
-251.62
-500.28
-246.42
-727.75
-749.51
-375.37
-248.58
-127.3
-126.46
-128.2
-126.43
-245.41
-3.72
-126.16
-123.47
-616.01
-0.41
-125.59
-613.47
-125.32
-122.11
-234.83
-238.24
-125.84
-533.72
-128.06
-125.9
-126.1
-236.99
-244.18
-366.57
-2.07
-124.27
-357.92
-582.37
-493.49
-245.37
-501.17
-856.81
-253.23
-242.77
-473.71
-369.49
-121.7
-126.2
-130.76
-484.71
-240.66
-129.31
-125.15
-360.79
-244.83
-434.29
-755.25
-379.51
-128.14
-126.2
-3.3
-124.76
-236.68
-380.27
-351.5
-124.39
-121.38
-125.47
-1.37
-483.41
-127.4
-238.15
-613.91
-360.12
-253.21
-246.03
-126.55
-375.56
-362.68
-125.4
-497.78
-244.49
-241.72
-1.9
-124.3
-129.17
-512.63
-508.02
-121.9
-441.69
-380.21
-604.19
-586.89
-745.92
-892.74
-938.8
-620.54
-373.78
-613.0
-120.44
-485.7
-357.03
-1728.14
-129.24
-485.94
-248.7
-127.41
-359.46
-128.0
-367.28
-365.16
-123.15
-876.81
-738.87
-124.34
-379.61
-506.01
-240.32
-240.07
-369.12
-496.59
-478.3
-128.45
-376.02
-127.55
-548.3
-125.06
-371.4
-377.54
-122.61
-118.93
-124.64
-122.56
-613.43
-0.5
-120.21
-374.22
-245.62
-124.55
-378.76
-534.23
-619.59
-367.39
-363.47
-633.8
-483.0
-716.6
-237.51
-502.82
-480.56
-605.05
-126.04
-126.11
-128.12
-602.28
-364.78
-235.86
-498.55
-474.71
-494.03
-124.62
-243.67
-239.32
-486.66
-247.35
-360.37
-125.82
-120.63
-123.6
-765.69
-759.25
-364.44
-243.84
-127.08
-362.07
-617.77
-495.72
-622.96
-503.08
-475.5
-251.47
-246.41
-124.76
-125.61
-241.83
-358.2
-368.61
-732.28
-237.53
-126.26
-246.9
-126.72
-3.96
-366.14
-128.73
-619.2
-560.9
-508.29
-252.8
-487.9
-4.17
-780.76
-249.37
-739.53
-236.68
-368.95
-500.49
-510.04
-243.72
-123.92
-125.87
-123.8
-243.41
-364.07
-123.59
-1.66
-246.98
-619.03
-605.79
-363.94
-122.81
-356.45
-238.12
-353.73
-354.67
-127.75
-120.72
-544.74
-126.8
-373.03
-607.79
-480.57
-373.5
-738.85
-250.84
-839.16
-752.45
-854.59
-123.09
-243.01
-125.22
-475.46
-566.67
-605.69
-126.97
-241.28
-495.15
-4.28
-504.05
-124.43
-126.65
-3.43
-484.32
-372.32
-236.55
-237.66
-127.1
-496.49
-128.72
-749.51
-504.29
-651.47
-4.01
-624.25
-496.83
-378.83
-367.1
-236.68
-494.24
-250.66
-126.77
-126.36
-123.02
-125.51
-127.91
-5.39
-255.66
-123.35
-382.21
-637.43
-123.27
-490.67
-250.48
-484.83
-477.72
-129.97
-129.31
-372.09
-364.35
-237.07
-3.15
-126.02
-245.94
-236.72
-125.94
-125.88
-244.73
-244.51
-127.63
-361.25
-0.4
-117.48
-126.37
-0.33
-122.71
-480.45
-118.31
-0.19
-0.55
-125.63
-125.37
-596.21
-123.21
-120.0
-243.59
-122.14
-362.78
-651.38
-884.9
-476.03
-123.53
-462.17
-880.18
-489.62
-124.76
-360.0
-123.63
-238.47
-471.96
-369.57
-233.43
-123.12
-242.74
-597.18
-238.75
-482.39
-121.69
-488.53
-547.27
-237.1
-730.37
-124.27
-236.7
-0.3
-375.07
-504.54
-376.9
-629.25
-373.18
-625.28
-0.09
-121.3
-373.83
-628.83
-634.05
-376.68
-236.24
-860.9
-744.98
-123.7
-1.66
-0.07
-125.61
-359.96
-367.34
-496.93
-123.22
-351.62
-122.8
-369.1
-240.36
-125.27
-573.16
-125.3
-360.57
-361.17
-241.28
-117.9
-127.08
-351.24
-592.86
-125.76
-359.24
-122.04
-1.41
-611.47
-725.87
-127.06
-879.76
-253.27
-633.1
-125.81
-358.67
-540.97
-477.44
-480.43
-240.12
-235.13
-357.22
-813.29
-252.0
-629.21
-629.59
-374.64
-352.39
-482.1
-241.96
-124.14
-124.15
-632.62
-123.0
-126.74
-246.01
-236.69
-370.31
-723.7
-637.25
-496.91
-474.11
-124.84
-245.38
-378.2
-123.63
-380.88
-244.65
-126.29
-714.32
-583.5
-619.13
-236.59
-121.33
-362.72
-501.29
-505.3
-505.27
-766.61
-381.95
-127.35
-242.07
-515.97
-248.39
-0.93
-127.89
-127.27
-129.09
-240.48
-238.08
-252.39
-238.39
-479.11
-362.98
-126.16
-240.59
-266.17
-368.28
-239.28
-381.42
-240.87
-486.53
-630.89
-370.4
-251.15
-254.27
-968.61
-603.69
-128.48
-304.83
-761.36
-492.04
-128.92
-651.87
-377.57
-340.9
-364.72
-606.63
-127.21
-247.89
-125.77
-120.83
-536.93
-489.08
-124.39
-629.24
-126.97
-371.91
-236.02
-619.73
-119.56
-353.51
-243.22
-151.02
-118.17
-125.8
-498.76
-247.77
-125.24
-244.37
-124.22
-545.74
-352.4
-237.64
-545.94
-3.99
-127.82
-614.63
-492.53
-504.0
-246.2
-358.98
-200.88
-122.51
-243.32
-127.93
-125.57
-520.39
-735.94
-890.97
-357.81
-127.83
-129.86
-480.81
-125.53
-756.03
-361.57
-251.83
-123.04
-504.11
-358.07
-2.63
-245.12
-245.53
-502.97
-591.88
-2.35
-125.5
-368.56
-488.97
-125.03
-251.61
-122.89
-129.37
-572.34
-127.36
-248.93
-536.67
-126.65
-366.57
-377.05
-368.65
-359.22
-239.65
-250.81
-123.68
-363.58
-127.58
-128.59
-358.25
-128.45
-584.95
-128.72
-728.42
-497.09
-596.46
-492.0
-376.12
-484.63
-611.2
-126.0
-593.13
-247.76
-496.14
-128.66
-127.52
-554.95
-860.62
-247.18
-912.23
-628.46
-377.15
-490.98
-234.85
-369.35
-363.88
-507.97
-127.38
-123.26
-126.23
-244.41
-377.06
-538.11
-126.65
-368.88
-362.56
-587.8
-254.42
-673.5
-125.55
-124.88
-124.88
-365.19
-129.24
-253.79
-717.98
-510.33
-734.61
-486.96
-126.37
-124.58
-239.01
-248.9
-129.23
-237.08
-124.61
-2.59
-376.88
-125.5
-129.96
-241.51
-3.13
-243.64
-355.78
-741.91
-2.59
-119.99
-380.88
-638.12
-361.52
-630.33
-734.37
-126.45
-479.62
-590.11
-121.49
-244.5
-369.92
-246.02
-609.54
-361.48
-355.75
-621.68
-238.67
-123.53
-361.2
-242.18
-620.75
-372.15
-359.51
-241.14
-716.42
-126.83
-490.44
-606.92
-243.77
-497.8
-128.54
-366.35
-359.02
-370.86
-125.56
-127.46
-600.56
-371.43
-356.11
-127.99
-600.63
-125.0
-245.37
-359.11
-592.21
-372.54
-248.02
-121.95
-125.49
-548.19
-592.75
-240.06
-243.24
-121.26
-351.97
-523.97
-692.76
-254.16
-128.73
-352.61
-124.3
-125.91
-467.99
-120.96
-1.99
-606.57
-487.55
-375.94
-778.57
-897.88
-901.95
-997.21
-855.01
-123.01
-252.96
-250.03
-249.78
-364.52
-238.71
-120.01
-125.4
-490.57
-123.92
-744.9
-604.31
-586.27
-121.92
-121.71
-127.0
-249.47
-358.83
-2.81
-121.88
-124.31
-129.45
-505.75
-3.03
-239.77
-129.18
-122.28
-484.59
-123.96
-357.73
-491.06
-2.96
-583.51
-586.05
-239.64
-126.78
-482.96
-578.04
-240.31
-610.6
-243.63
-126.43
-124.9
-496.9
-480.24
-1.09
-252.93
-361.44
-487.62
-128.72
-603.46
-123.33
-379.36
-491.07
-232.87
-629.03
-122.97
-126.47
-127.0
-366.09
-642.72
-359.53
-127.31
-598.05
-502.3
-353.39
-470.84
-124.83
-363.93
-2.99
-121.06
-477.55
-237.46
-634.0
-621.2
-548.75
-737.44
-486.68
-128.05
-482.65
-128.1
-565.9
-479.01
-126.29
-240.18
-363.38
-120.1
-612.04
-738.26
-373.51
-480.37
-244.49
-123.52
-125.4
-626.21
-798.51
-501.37
-2.69
-376.29
-126.92
-379.68
-373.13
-119.77
-123.35
-381.41
-250.1
-487.42
-248.18
-505.24
-2.74
-126.19
-128.39
-125.9
-241.51
-363.81
-127.53
-370.8
-244.33
-497.76
-366.42
-249.8
-580.43
-125.51
-243.97
-125.7
-0.42
-240.86
-124.78
-349.07
-127.68
-465.2
-377.0
-236.26
-241.2
-243.04
-501.97
-578.75
-776.11
-666.82
-894.15
-984.15
-359.44
-507.94
-631.66
-594.1
-124.03
-622.37
-233.99
-755.13
-864.23
-2.56
-244.8
-126.94
-593.83
-136.21
-632.11
-123.95
-127.45
-729.3
-128.42
-127.99
-3.13
-3.83
-2.45
-122.8
-123.21
-470.82
-243.24
-128.46
-125.41
-237.0
-711.47
-235.77
-250.92
-356.9
-128.2
-353.44
-243.45
-377.46
-749.52
-625.43
-363.31
-241.93
-244.68
-367.01
-124.93
-479.72
-124.05
-724.74
-988.8
-773.51
-745.04
-839.48
-125.25
-245.0
-477.87
-3.57
-124.75
-3.68
-496.1
-2.78
-366.97
-126.78
-123.09
-543.19
-239.73
-486.37
-240.02
-240.77
-239.7
-125.08
-238.63
-127.53
-708.46
-368.85
-623.51
-253.13
-2.74
-121.69
-121.3
-368.13
-120.48
-124.49
-628.54
-485.47
