-628.98
-410.03
-157.6
-250.15
-158.84
-399.33
-199.39
-364.32
-147.61
-112.12
-169.96
-97.29
-248.13
-272.11
39.59
-223.74
-206.33
-161.48
-221.07
-202.03
-74.4
-206.43
-219.74
-112.8
-55.8
-116.26
148.19
-175.38
-63.51
-110.3
-15.83
6.64
-50.22
-41.54
-145.55
-100.69
-147.25
-181.07
-170.99
-125.88
-117.98
-131.4
-310.31
-32.45
-48.7
-135.95
-94.82
-207.56
-221.54
-159.11
-228.36
-111.38
-122.96
-146.41
-121.27
-140.33
-189.02
-136.74
-122.69
92.94
-30.0
-125.07
-123.35
-88.74
-86.7
-41.84
-101.54
-61.42
-60.32
-68.99
-134.09
-97.06
-39.45
-84.06
-363.73
-163.0
-43.7
-99.63
-95.7
-225.9
-209.21
-32.33
-50.6
-138.8
158.54
-8.52
-82.29
-165.43
-86.14
-109.32
-175.9
-104.83
-134.38
-180.84
-21.52
-80.84
-50.55
-58.84
-58.18
-59.31
-2.33
-90.8
-101.53
-90.06
-58.88
-100.64
-77.12
-94.06
-86.87
-34.61
-61.1
-48.23
-23.23
-2.22
-52.64
-60.36
-234.0
-55.76
-27.52
-187.18
-68.48
-264.68
-217.0
-66.53
-47.39
-96.15
-147.34
-114.23
-90.57
-86.83
-145.41
-186.04
-99.86
-191.41
-130.42
-218.86
-217.26
-272.83
-137.51
-30.14
-45.22
-211.37
-89.48
-113.31
248.63
-138.79
-188.16
-241.13
-99.83
-112.98
-85.7
-129.22
246.06
-83.07
-27.05
-115.49
-75.13
-48.28
-23.69
-128.28
-42.28
-58.99
-56.91
-42.87
-81.41
-35.73
-88.91
-59.6
-321.86
-211.48
-62.2
-98.41
231.15
246.59
216.08
193.43
-105.85
-79.24
162.74
130.68
-53.52
-354.49
8.59
-12.98
-139.0
-70.58
-108.94
-70.48
-8.88
-276.65
-467.25
-311.63
-322.74
-297.4
138.31
-117.0
-76.37
195.53
124.0
-227.79
-59.01
140.64
139.04
-262.92
8.84
-45.51
-57.27
-86.48
187.43
-51.1
-101.28
193.46
-11.46
-62.64
-245.64
-0.28
-148.86
248.03
268.38
96.79
186.0
-34.15
145.57
-128.29
-42.17
-23.08
49.53
261.36
-539.95
172.84
151.43
243.73
184.86
241.39
209.5
215.77
261.69
271.26
283.07
-7.97
165.56
-66.46
34.76
-104.42
18.88
-51.67
22.14
266.35
120.79
234.17
174.54
235.3
-71.3
179.83
101.77
198.38
168.34
277.24
227.04
29.52
-56.62
9.38
16.06
-43.37
-165.89
-439.8
-648.33
-431.25
-201.54
-109.53
-137.97
-30.02
16.21
146.99
115.93
132.96
167.03
242.82
238.76
-40.57
-58.7
-44.5
206.2
214.63
251.2
228.18
-248.2
102.42
163.03
202.53
167.53
199.53
256.88
251.32
252.4
-31.9
-156.88
-29.09
-26.58
227.7
188.35
123.4
220.79
167.24
198.66
-577.75
-355.09
214.4
161.72
223.89
236.2
127.13
182.35
191.97
257.61
224.73
-192.74
-229.86
-270.94
236.49
241.02
257.26
200.27
202.88
184.94
218.57
254.76
190.23
-144.87
269.87
227.08
274.7
173.76
247.09
221.9
232.47
214.29
206.08
248.19
-3.82
231.58
196.97
-98.99
273.3
238.02
245.18
258.38
228.23
255.89
7.09
46.75
30.3
272.3
219.43
-107.45
247.22
53.08
-23.54
10.22
1.76
-72.53
34.45
236.85
265.39
-34.09
256.36
237.65
231.89
-12.35
221.43
-8.05
249.14
239.91
274.16
240.83
258.1
-30.62
223.6
229.01
226.0
258.83
204.41
274.1
273.05
235.22
241.25
237.41
218.72
210.92
-98.91
258.17
247.81
-24.1
209.51
286.31
179.44
258.54
147.56
224.59
-5.16
295.61
246.83
25.9
236.92
236.54
265.33
201.96
244.49
231.91
213.09
249.79
-15.18
18.16
-138.55
-13.42
5.0
-184.74
-135.1
-82.44
214.9
270.01
-14.45
23.77
186.64
266.3
202.11
160.53
211.19
-485.82
217.31
175.2
231.28
253.84
243.45
188.68
256.84
267.97
285.31
-52.56
256.68
250.92
197.22
234.71
233.42
242.13
247.81
258.12
253.04
-185.49
-111.51
253.73
265.07
222.52
161.2
37.54
205.12
145.22
270.08
230.19
240.83
209.82
225.86
285.15
206.09
222.52
259.26
223.78
176.27
237.33
211.76
223.85
224.28
-15.84
255.5
248.69
248.59
238.05
274.44
220.37
252.72
264.61
246.58
227.4
255.68
191.57
277.61
278.34
232.64
282.03
239.21
249.98
247.45
200.82
-255.8
256.56
246.56
273.55
267.06
249.64
281.26
252.04
247.27
222.64
247.7
243.23
246.05
264.13
275.82
195.64
186.78
231.44
263.7
232.93
219.32
260.12
243.57
213.99
246.11
249.0
-210.98
241.73
207.66
206.05
259.6
242.49
258.12
265.53
272.02
256.65
287.17
-82.71
264.29
273.96
248.6
253.54
267.43
-57.4
22.0
269.49
220.97
265.89
280.08
249.89
240.21
54.31
228.37
230.53
268.36
157.03
236.97
261.33
216.64
199.03
-228.42
-113.21
172.23
260.74
236.73
265.35
249.78
226.16
260.81
210.69
229.42
225.47
242.07
256.29
252.42
228.26
266.19
234.04
271.99
256.32
258.69
185.8
-252.01
157.18
244.01
272.66
256.53
265.23
248.24
261.61
217.71
256.89
-139.64
-129.4
242.58
6.29
-18.45
201.23
198.63
248.72
-104.62
-27.92
179.43
253.65
253.75
11.23
53.03
234.9
211.08
228.99
240.11
230.21
272.26
-315.83
252.23
276.85
-204.67
60.19
232.64
248.66
267.9
280.42
54.49
224.32
215.0
235.66
223.97
244.69
-212.87
-3.9
261.35
33.3
285.47
262.52
253.38
249.43
262.52
224.05
-303.75
231.29
251.41
262.92
190.49
236.9
-394.55
-553.14
-299.85
-301.0
228.72
-163.3
251.04
269.17
268.12
-356.16
192.92
266.63
252.57
-381.99
269.91
264.95
269.32
18.4
260.67
28.59
15.58
47.62
275.99
65.71
5.63
258.63
264.85
291.83
-467.57
237.92
264.91
245.11
272.14
246.65
239.9
237.53
264.68
270.13
251.74
261.36
122.28
245.99
286.1
256.59
264.65
262.47
-49.24
-37.32
263.09
-29.59
10.36
220.69
286.99
279.34
246.9
273.61
226.73
-127.22
259.78
272.83
272.32
244.63
256.92
239.53
7.47
267.46
232.66
253.99
249.74
265.07
267.38
251.66
-272.01
274.85
271.81
246.64
284.25
278.7
238.89
276.65
282.23
247.31
264.26
253.88
270.63
35.47
263.42
43.51
258.68
255.15
283.58
1.39
234.7
247.19
-328.45
267.18
242.88
238.65
277.63
275.93
270.91
284.96
297.87
276.04
260.06
258.09
283.32
265.64
262.63
276.8
259.32
276.43
265.35
262.49
16.02
167.03
256.2
231.55
252.95
232.56
237.63
256.99
211.06
237.56
238.39
251.45
191.12
269.55
238.09
257.18
265.52
264.09
206.4
-202.29
196.86
-211.16
261.9
305.36
269.28
204.72
245.03
276.84
260.2
-159.68
233.34
279.18
-237.04
69.03
285.97
-104.34
-331.01
257.08
226.66
260.66
-252.39
264.54
203.16
268.06
279.4
283.29
-1207.2
264.71
-190.41
-244.16
245.54
-311.28
-55.68
-319.0
-71.97
219.25
236.82
286.25
8.66
-63.87
271.83
261.54
260.36
253.28
233.52
-68.55
-179.4
-29.14
226.4
-4.84
255.7
14.16
18.59
-83.92
-41.1
-16.31
-116.7
-33.02
178.62
244.45
215.33
209.3
269.1
250.75
241.52
-193.06
240.63
226.04
259.1
-28.35
225.64
271.18
-135.69
-27.96
-56.08
296.26
267.94
37.7
268.32
234.48
-14.94
190.13
287.32
242.7
253.18
272.58
226.31
227.77
246.16
243.94
304.04
271.58
213.37
247.12
-133.62
230.46
-11.75
264.73
259.22
283.63
202.01
38.76
34.16
-47.69
-80.07
281.33
-55.58
230.71
-191.35
241.03
270.76
262.99
25.29
242.34
265.6
251.01
233.54
245.99
157.83
263.42
247.2
-126.63
248.21
-173.43
255.88
267.91
261.89
182.41
37.18
47.41
1.65
11.92
3.33
249.57
54.35
281.88
19.86
242.09
-46.77
-359.76
9.4
-207.32
287.74
273.92
12.53
37.2
288.87
283.73
229.33
26.26
261.5
259.56
242.91
-5.19
228.05
240.71
262.86
228.05
200.32
261.49
244.97
274.29
267.37
-331.75
234.61
26.55
-100.84
-11.24
16.95
260.05
-16.51
228.81
266.22
19.72
258.58
263.75
241.24
253.6
185.5
205.18
252.13
243.96
296.58
248.31
231.25
256.56
-171.51
-194.96
-90.33
290.62
214.02
241.43
217.8
34.82
249.82
224.75
251.85
216.95
228.03
-197.85
247.96
4.89
259.17
257.91
221.83
258.88
241.56
180.37
280.39
242.66
250.91
287.13
246.2
256.85
277.9
-46.4
258.82
250.88
182.76
280.46
240.18
-590.94
228.44
234.34
266.12
271.31
249.77
266.17
277.44
255.26
216.91
-54.96
234.47
193.23
70.54
-46.73
-100.97
185.82
202.24
238.14
-1309.22
-100.03
-299.21
-229.67
-223.57
-16.05
293.94
230.55
263.46
183.69
38.41
270.0
253.46
244.31
-95.97
260.28
227.27
247.27
240.12
272.2
247.49
-9.76
195.03
150.48
105.84
4.89
-18.68
-1.23
42.87
43.15
-105.55
231.01
252.55
208.86
-9.56
292.35
4.42
233.41
264.53
247.48
289.4
263.38
245.63
223.69
216.73
238.54
284.03
-222.05
261.55
213.26
264.75
42.97
19.27
224.65
239.6
279.93
241.14
247.01
256.8
255.87
241.14
234.46
256.05
232.95
263.68
284.75
249.53
283.16
242.05
245.65
280.18
266.67
249.85
251.59
230.57
247.93
275.79
59.3
262.61
153.67
265.0
252.43
248.06
237.4
249.3
243.8
41.19
238.82
268.95
265.53
253.62
241.31
280.76
253.79
270.57
226.88
209.92
26.44
285.0
27.15
253.65
244.58
264.87
265.44
267.92
281.62
257.24
14.02
257.17
277.43
233.5
236.12
230.88
275.5
227.92
248.14
224.91
258.73
-198.15
-297.56
-106.55
33.0
-98.72
-185.42
229.22
218.6
256.07
245.14
22.8
262.76
224.41
280.57
264.7
244.01
298.84
250.99
249.44
259.93
237.82
257.61
260.03
179.21
218.15
232.39
181.66
256.01
28.19
227.78
276.28
10.73
22.41
208.01
266.02
251.98
240.65
236.4
263.4
149.58
230.9
-456.39
-86.41
269.72
220.14
276.9
-90.6
261.63
251.63
260.85
262.15
291.18
238.93
268.39
273.3
262.12
278.09
39.05
-12.57
268.18
237.56
247.9
21.92
279.95
295.81
258.34
232.89
249.14
264.04
251.0
-165.85
225.78
236.16
295.5
275.75
246.36
253.5
269.11
221.44
277.34
247.75
221.59
259.11
229.31
254.67
245.83
260.54
273.9
-35.06
280.89
253.5
293.31
265.67
242.11
15.8
258.55
257.16
258.55
239.46
200.83
124.78
237.25
-10.59
243.41
262.44
254.09
-12.18
275.12
240.47
232.43
201.34
263.46
-29.52
0.83
230.2
256.47
213.19
240.97
250.87
235.21
256.42
223.19
237.43
280.65
222.09
215.03
203.6
265.25
287.12
267.76
282.05
-93.05
278.15
66.01
219.9
254.96
275.62
278.64
256.21
281.27
278.79
197.96
245.3
216.33
237.26
252.14
289.72
-143.1
233.7
272.45
21.19
261.88
267.22
70.66
255.9
220.17
214.08
288.98
-16.74
214.88
234.1
158.3
11.91
-0.13
266.02
279.97
56.43
7.07
38.09
42.9
263.01
22.01
270.65
253.89
239.52
259.03
-240.94
270.01
264.29
223.65
250.59
272.41
230.36
232.68
223.29
213.48
243.46
211.22
261.73
266.62
256.22
222.02
270.31
274.72
252.55
258.86
107.03
243.36
226.52
264.03
251.4
235.92
274.15
247.22
255.21
264.17
273.0
271.12
-354.31
237.58
276.54
252.83
263.78
240.9
276.79
244.7
291.65
248.9
256.73
228.33
272.05
282.61
175.12
3.66
207.19
213.61
-374.35
196.63
244.76
245.84
210.13
255.12
253.55
243.89
246.29
-104.28
232.2
245.13
-358.11
241.0
281.76
263.25
233.05
234.1
262.12
255.51
267.88
256.17
263.51
259.43
284.33
289.36
256.86
239.41
248.46
123.13
281.59
257.13
234.41
251.13
278.55
273.0
264.32
251.82
132.04
138.17
271.37
262.44
237.96
260.07
277.19
251.26
255.46
215.53
255.74
225.29
266.16
55.03
276.55
262.88
231.25
280.34
197.19
241.76
247.24
285.46
-11.85
255.29
224.35
256.57
250.41
50.83
2.73
301.46
5.47
-16.34
249.93
243.31
267.35
-93.95
204.77
265.86
260.09
-405.65
196.19
-160.97
273.96
259.44
247.32
266.8
-39.48
277.6
237.79
284.36
-201.21
229.49
246.25
275.15
260.6
232.87
235.69
240.41
255.04
245.65
21.92
284.49
49.0
21.84
-38.58
251.43
138.55
201.07
178.44
-771.11
-212.49
213.7
109.98
259.81
280.46
242.01
284.05
-120.89
232.5
-5.74
250.74
3.34
-54.09
6.87
-34.21
-58.81
-40.78
205.9
22.51
-70.49
243.53
29.74
252.94
271.7
226.19
223.36
-468.69
-336.63
-485.67
-282.09
-497.5
-363.9
232.6
311.05
254.51
288.66
-176.97
216.97
-284.56
-126.87
255.7
236.99
215.82
-8.38
-170.94
207.37
-81.4
271.0
209.44
253.0
37.31
231.95
205.29
-206.83
215.86
271.95
264.97
268.41
241.95
236.44
271.29
269.75
251.09
251.05
239.94
271.22
228.82
250.77
257.94
261.51
270.05
264.28
236.91
201.67
153.53
238.09
34.56
275.23
242.4
227.56
248.19
242.23
-4.18
261.36
248.88
26.66
251.03
246.92
257.32
230.9
250.18
244.99
186.09
255.85
299.45
281.77
263.31
257.16
257.81
211.62
-257.91
175.63
191.7
260.67
218.45
230.9
217.96
-332.12
214.18
225.78
263.55
262.11
250.35
233.29
3.56
263.63
266.41
17.35
218.27
259.35
278.67
268.18
281.92
255.06
240.39
266.18
239.46
188.92
222.01
246.58
232.69
240.56
218.48
252.77
261.38
260.48
232.49
257.11
270.43
237.87
248.87
255.49
234.96
267.3
254.77
-87.67
241.76
237.4
262.43
277.43
200.96
99.33
243.78
-242.3
1.65
-142.82
246.4
12.86
253.96
231.0
227.83
62.81
4.41
16.57
1.25
224.32
-83.84
245.54
-187.26
199.86
229.16
255.76
227.76
214.79
247.51
-8.07
-11.69
29.72
266.78
227.5
243.17
234.85
218.33
249.96
-427.87
-272.6
270.35
232.25
25.8
-377.12
198.29
260.68
146.75
234.23
271.99
-348.3
239.48
155.28
255.75
257.19
261.55
262.36
235.91
232.85
279.03
253.59
255.88
251.03
259.03
281.19
265.66
268.49
282.19
255.11
289.76
265.55
252.14
179.28
289.84
263.02
268.87
-14.22
284.39
258.5
239.96
291.45
226.06
251.63
254.62
285.4
258.56
189.54
274.66
-47.31
267.79
284.83
261.93
25.02
293.64
268.78
262.17
278.71
41.36
213.82
259.98
-29.91
283.69
236.67
288.23
255.12
270.18
228.59
267.13
251.69
239.12
251.48
248.03
230.66
285.48
152.41
244.85
282.59
261.94
275.31
266.93
17.58
-79.43
-22.0
-67.59
-20.72
39.94
-7.6
2.21
19.35
60.81
299.28
276.44
252.77
283.15
259.23
252.15
281.21
3.53
57.13
12.0
28.08
249.31
18.12
272.27
275.4
283.95
23.84
244.79
250.69
261.2
229.94
239.72
242.67
267.57
221.84
263.63
140.65
261.15
293.76
244.94
246.18
262.85
254.49
261.93
272.28
246.1
206.63
244.17
262.17
257.37
278.04
257.96
-376.28
-313.31
-121.56
276.64
210.69
229.74
252.82
258.48
256.97
243.92
-57.06
244.41
257.72
254.52
219.77
-52.93
279.74
266.17
261.07
-145.32
246.19
244.42
215.24
244.48
275.25
-27.09
248.76
270.69
279.49
255.6
251.45
238.7
263.51
250.63
0.27
248.65
262.39
268.22
265.3
248.24
299.89
-192.75
273.67
68.19
-399.72
27.73
258.3
307.69
291.96
256.8
302.39
293.73
293.79
275.0
279.34
75.81
284.41
250.23
251.52
246.74
36.47
196.96
261.62
13.5
271.68
290.88
277.49
278.57
223.99
240.31
276.07
281.79
264.62
275.91
273.52
242.71
7.5
271.6
286.29
238.58
276.81
19.93
271.52
266.91
166.27
250.68
222.58
278.43
244.22
278.03
258.51
225.81
224.92
288.49
297.45
268.06
36.69
52.02
-290.16
-40.34
-260.18
279.59
271.82
281.72
292.32
268.8
25.74
18.12
246.44
289.34
251.76
265.89
308.06
263.26
276.85
258.7
278.66
183.73
306.33
273.67
266.89
278.97
268.52
255.84
275.54
260.07
-125.04
237.64
239.16
231.32
22.96
247.46
256.18
158.68
202.51
218.58
-136.68
281.67
253.75
254.39
196.6
270.89
266.85
259.45
75.11
234.85
-246.8
250.28
254.21
215.65
254.16
-238.24
221.2
288.11
261.48
258.66
264.33
255.82
-243.63
294.91
219.18
62.35
225.04
201.83
273.24
149.53
208.32
238.61
242.54
264.02
231.08
258.7
270.83
251.45
257.18
277.21
226.19
259.49
250.04
19.0
249.65
196.54
251.07
238.18
239.72
284.19
230.61
262.25
273.92
280.7
253.81
246.34
-49.91
241.97
266.24
226.8
244.1
156.07
225.13
279.43
249.09
297.35
252.6
33.9
260.86
-84.81
-208.89
10.61
44.67
280.4
284.86
270.04
219.96
236.9
265.51
246.42
248.83
-82.62
246.87
293.44
237.13
284.76
251.26
253.83
252.48
250.96
-312.51
255.43
285.12
268.08
-380.02
249.52
-89.32
279.39
246.75
253.79
234.5
213.15
236.07
298.32
276.96
259.81
247.24
259.55
-156.67
242.93
-48.66
-30.85
14.41
241.87
-16.0
248.03
287.4
305.57
257.76
270.14
-267.13
233.87
246.07
253.04
259.4
269.53
267.26
-31.31
266.07
160.57
269.88
-26.36
-408.02
215.5
272.7
93.19
-7.63
263.09
240.09
240.58
252.2
286.66
-31.41
-37.03
39.69
179.04
270.8
287.23
41.02
265.88
171.78
-423.51
-368.33
-437.45
114.74
240.91
266.97
258.61
32.28
257.29
243.0
-31.25
283.18
260.79
225.84
-172.09
269.32
255.9
-19.41
-25.78
33.25
267.0
279.63
269.71
199.39
232.23
278.9
-253.0
249.09
216.74
252.15
293.25
209.38
284.16
163.02
255.32
-63.38
230.05
-297.12
247.51
46.62
21.78
2.44
-5.98
264.69
229.46
260.37
252.14
229.53
248.81
275.68
-0.97
251.24
98.96
260.55
256.32
10.63
214.5
245.19
208.41
285.05
257.97
279.44
226.13
283.11
221.43
242.4
35.13
-22.83
35.5
25.38
274.35
-16.99
288.81
263.71
266.14
273.06
50.25
20.07
8.59
-24.11
19.41
11.97
276.62
232.83
2.62
220.28
285.56
259.54
265.37
134.43
244.63
288.71
286.15
250.08
257.96
169.58
-0.44
304.7
244.84
-93.4
253.17
267.88
277.44
121.82
233.28
197.48
189.57
-344.2
191.19
292.47
-36.66
310.99
303.13
205.28
286.12
291.26
253.95
118.6
253.66
241.16
230.0
288.63
285.51
3.51
256.1
270.32
284.77
300.4
263.93
17.03
204.72
250.73
262.23
292.65
299.79
265.98
297.64
299.32
-327.32
-105.71
248.48
-212.98
213.89
-69.2
303.91
-29.03
-544.6
-651.59
-87.3
-725.6
-776.81
-764.36
260.11
268.1
243.67
252.61
260.22
282.38
258.48
-510.55
246.01
287.6
284.13
284.44
262.95
296.85
-799.05
-770.02
-555.06
268.43
-729.65
-451.12
-756.42
-692.61
-396.18
276.15
187.34
256.67
289.08
263.11
272.87
270.46
241.99
262.87
280.03
282.52
261.12
-250.03
299.28
268.01
258.81
272.3
211.5
263.32
-288.53
-316.97
-217.91
258.76
250.72
271.56
289.62
280.31
252.13
258.63
277.12
309.14
172.76
253.73
270.76
270.52
226.63
288.58
-554.53
193.6
288.34
284.56
22.43
271.75
183.1
248.28
272.13
237.49
250.88
307.01
-7.67
12.88
231.84
257.97
277.46
244.38
-494.0
252.44
252.78
272.21
274.52
253.5
267.08
271.92
288.45
278.93
251.95
45.31
265.97
250.27
262.86
296.09
241.89
306.5
236.06
246.86
181.07
293.67
265.61
264.25
297.1
270.41
266.99
-581.34
276.11
209.19
288.89
281.23
270.95
217.19
280.41
37.21
268.82
276.06
232.81
285.68
258.08
292.48
262.5
274.32
286.96
266.32
206.85
244.45
290.29
10.02
21.57
-169.03
-7.97
245.35
-240.98
250.2
236.86
210.18
291.71
280.96
274.3
288.33
214.94
264.11
305.13
246.36
255.71
239.09
241.94
262.43
73.37
275.05
263.28
236.06
204.52
304.34
251.43
253.91
271.86
262.63
266.5
255.68
260.9
7.52
-21.52
-51.95
-11.01
-210.83
13.3
-7.85
14.98
-132.58
-455.68
-307.26
187.33
276.49
287.19
274.53
274.43
278.26
276.33
264.87
298.4
281.6
285.43
241.12
286.27
268.26
312.71
264.49
260.95
294.89
-270.91
-119.14
-81.44
280.47
243.41
261.88
204.41
247.47
-268.9
268.85
259.84
271.53
272.84
280.88
238.44
251.76
33.23
226.06
273.0
268.15
256.65
269.47
235.42
233.77
265.09
-592.2
165.35
244.38
242.75
267.36
232.34
271.36
270.42
253.51
-44.69
251.32
-139.37
262.7
291.8
267.43
274.13
46.37
28.24
258.87
32.17
13.07
252.92
207.1
228.69
256.33
275.83
258.49
295.26
300.79
290.26
-324.43
-204.14
-5.19
261.59
253.48
275.07
-190.64
303.23
309.9
257.13
37.09
283.71
-156.56
268.59
249.31
272.64
253.29
284.71
-101.64
295.09
199.18
252.88
295.06
260.58
278.21
272.95
314.77
263.06
269.01
-359.3
158.61
-65.98
224.19
-215.27
275.68
-229.47
45.32
247.97
256.05
273.03
289.14
258.18
288.43
276.54
240.27
-302.59
-212.85
-103.67
270.72
287.02
-131.58
-332.6
-329.77
280.76
275.11
232.04
292.32
286.76
297.55
274.31
275.99
289.73
278.05
272.54
292.65
290.97
248.13
41.94
-10.17
241.8
271.31
224.53
281.23
279.7
253.15
286.14
222.31
303.19
281.25
283.39
277.37
272.15
305.49
282.7
265.9
278.23
258.24
42.15
287.05
250.99
123.85
65.2
286.82
-19.9
-14.97
41.85
238.31
290.93
281.0
301.53
256.31
55.11
249.55
245.16
271.64
275.96
262.14
290.83
287.0
272.11
240.94
280.98
313.74
275.81
280.0
261.01
295.97
296.26
191.88
276.69
289.37
286.93
243.68
-711.79
235.27
261.23
284.24
255.84
236.53
235.4
285.76
266.26
-732.6
293.45
-661.8
-555.6
285.15
303.54
253.85
261.6
234.69
271.85
276.7
249.99
281.2
-563.51
164.09
284.23
254.81
260.94
253.24
271.54
279.38
289.42
276.5
236.74
272.57
292.57
256.92
230.47
174.81
305.34
168.57
304.17
278.73
270.05
298.48
270.92
269.37
209.91
297.66
229.86
279.46
246.73
275.91
321.42
242.73
300.14
279.5
263.25
271.72
264.83
264.78
249.77
276.16
281.61
292.5
275.4
-38.64
200.5
284.97
261.62
54.37
280.56
253.73
275.08
195.79
289.28
300.87
217.3
243.86
238.24
293.72
-304.81
240.45
-276.51
251.8
291.3
304.8
160.01
265.96
265.92
-223.47
172.15
287.26
-437.76
-477.2
-271.83
-258.9
270.77
237.83
292.44
237.33
-462.88
-167.8
276.52
-315.75
248.07
269.57
276.92
273.03
286.19
248.97
270.77
296.08
279.93
275.36
262.83
271.48
263.25
278.17
298.22
218.77
-93.76
295.02
-769.66
-308.08
285.8
281.13
285.13
283.43
303.09
292.46
294.31
237.4
284.9
249.6
9.73
268.82
251.04
236.52
268.03
269.85
256.84
273.43
234.49
179.41
268.31
265.06
275.68
-98.77
263.49
268.31
-100.9
-212.27
235.14
-777.79
-292.37
293.36
242.05
255.73
257.65
254.38
251.08
278.18
272.97
231.58
274.21
279.59
139.68
-659.17
-395.36
-193.46
-347.87
-380.54
255.83
266.9
276.06
242.49
288.12
246.47
285.97
248.24
288.34
270.66
256.12
247.43
261.77
257.32
274.13
-73.65
-257.31
237.39
-226.45
204.98
289.96
237.3
251.88
236.06
239.98
199.63
258.25
263.55
239.47
268.69
282.86
246.23
276.04
293.47
261.03
33.56
244.48
240.84
257.32
276.84
278.51
-399.16
241.57
204.5
274.44
307.92
260.78
247.44
252.06
306.79
270.25
244.19
280.45
213.89
239.31
290.92
252.3
283.15
276.31
-85.2
292.27
282.34
252.84
155.91
248.75
297.56
293.54
276.49
257.6
193.3
-715.0
-110.64
214.17
286.5
258.34
302.06
141.53
219.92
246.64
252.73
269.61
284.04
246.81
262.92
269.11
260.08
282.46
269.79
31.1
312.48
19.53
299.61
257.39
-74.43
268.79
260.81
288.26
262.08
-143.58
260.59
281.55
282.09
300.85
279.76
274.25
247.46
281.3
227.35
175.19
291.57
304.29
275.19
265.09
280.78
272.44
272.34
264.9
264.89
254.18
294.84
290.1
267.38
290.85
254.52
290.66
288.53
298.94
-122.45
243.83
179.8
294.56
269.51
280.44
273.44
293.73
264.08
282.66
300.37
260.73
289.09
230.74
258.19
283.18
279.34
286.86
251.06
256.0
288.37
269.49
259.57
260.73
304.77
282.96
257.12
265.73
232.75
255.62
292.15
295.93
245.79
274.61
245.01
244.19
260.14
27.41
272.61
247.67
274.14
273.58
308.4
258.35
276.29
227.28
277.35
284.28
232.1
244.21
228.72
292.32
267.53
281.29
286.28
155.88
234.52
251.08
260.53
276.98
258.33
270.99
291.1
274.28
268.06
219.45
243.39
282.26
294.31
240.65
247.91
35.86
282.3
290.25
278.84
164.73
278.99
258.75
237.66
46.75
301.79
282.45
252.5
261.88
294.91
290.33
200.75
260.84
258.94
231.63
212.7
5.19
261.85
256.35
249.84
257.54
239.75
280.08
254.51
209.58
262.43
281.65
274.95
254.96
256.19
217.28
274.64
304.07
289.02
38.21
265.82
277.65
216.64
176.46
192.02
289.07
198.47
248.35
223.4
16.45
-30.48
234.36
266.77
186.17
309.04
216.34
278.02
274.86
262.4
250.24
258.46
230.79
277.73
308.13
253.92
238.31
263.52
284.08
282.77
265.07
287.22
255.77
268.15
290.48
284.27
268.3
248.76
261.54
284.02
251.34
-257.41
-377.33
-297.69
-1107.57
279.57
291.38
283.23
257.92
289.71
250.78
284.41
298.85
242.84
273.42
132.69
263.79
241.99
309.43
-258.79
261.34
13.21
3.71
233.31
221.35
276.81
235.82
265.74
265.19
20.31
39.31
273.68
293.5
248.8
-128.03
260.14
269.48
267.1
280.45
269.54
317.99
238.2
251.9
244.18
299.05
255.58
6.68
258.7
250.38
273.01
233.09
275.55
-127.84
-565.56
216.59
36.89
264.63
265.14
32.33
271.25
263.14
295.97
295.65
308.83
221.11
264.33
244.01
231.99
274.59
251.31
20.25
-10.78
21.51
38.99
279.01
226.38
42.96
268.59
242.2
258.85
309.92
21.92
20.62
43.48
277.4
290.86
279.21
229.15
274.6
260.0
221.88
244.3
261.3
235.02
280.99
238.5
260.54
249.61
272.18
279.15
291.04
248.05
268.5
257.81
241.82
292.16
269.29
278.04
201.7
284.74
274.64
237.43
264.35
234.9
245.36
290.06
-163.51
202.66
233.86
238.93
281.54
235.23
267.9
241.87
245.01
263.35
276.37
282.44
288.27
247.38
280.32
249.02
274.67
295.13
258.75
272.2
270.16
235.49
248.53
256.88
279.73
268.95
241.44
263.59
223.72
268.18
307.55
275.51
244.3
256.52
278.17
283.33
233.4
258.45
241.82
252.2
4.26
253.93
270.45
280.52
254.43
262.13
260.26
298.93
239.11
290.8
278.25
291.62
236.18
48.96
34.78
-17.5
53.39
-20.29
-282.53
274.94
276.5
303.94
316.98
285.72
258.44
278.92
253.26
289.97
291.93
290.32
281.43
250.26
283.47
260.73
260.28
214.01
259.59
237.52
254.01
294.95
263.32
269.25
276.27
286.92
48.36
290.28
311.41
253.94
272.46
267.09
246.53
292.85
233.72
207.17
290.75
306.42
283.16
303.28
278.08
251.38
248.02
223.16
280.22
231.95
245.5
286.44
260.59
259.24
281.35
240.26
256.5
-144.19
230.45
228.5
272.83
-215.15
277.71
241.33
261.37
273.07
258.96
285.78
242.43
248.69
279.13
265.96
283.38
242.54
302.86
267.56
275.15
281.42
235.59
272.83
238.7
292.05
257.59
280.18
258.34
276.9
268.11
-46.31
271.84
286.84
267.66
251.04
276.55
260.32
260.31
279.68
271.82
252.45
268.57
276.14
250.77
285.12
278.76
250.65
261.83
205.31
276.13
211.61
-105.32
-263.08
-206.95
250.78
-130.33
-101.97
259.34
238.11
290.09
270.06
267.69
269.88
244.24
219.74
256.65
257.72
256.04
280.75
270.19
259.63
-88.67
266.44
285.81
268.67
260.15
258.34
249.7
269.22
292.85
45.19
294.71
294.43
228.48
274.38
282.01
249.53
250.15
280.44
271.85
274.36
299.17
280.54
270.05
277.75
269.27
-52.49
265.35
256.96
299.42
173.84
-183.53
252.82
227.68
300.38
177.77
287.05
279.76
234.74
258.23
276.97
-142.31
280.1
261.92
160.1
271.38
258.26
240.84
263.12
256.49
274.01
231.88
269.05
295.94
263.39
-647.1
197.02
236.36
23.76
233.45
298.56
275.76
279.19
207.73
260.03
292.73
216.18
172.62
265.63
240.45
257.32
245.62
293.29
279.65
277.53
258.05
270.06
13.03
231.4
-78.9
259.66
37.3
271.09
280.13
236.62
246.13
267.29
253.18
-133.48
261.72
232.36
260.6
212.55
227.82
254.3
256.24
270.88
186.27
224.85
291.44
180.57
249.53
227.25
254.33
249.37
224.25
253.15
277.51
252.37
266.04
274.62
280.92
252.9
247.32
227.61
257.29
251.56
274.39
260.4
210.8
243.72
230.88
289.24
222.11
249.33
276.83
273.28
283.38
272.33
269.4
-155.01
242.67
258.91
293.38
282.06
254.32
279.99
255.24
252.48
268.41
270.75
-40.42
-44.37
18.42
173.67
193.87
245.71
275.5
37.53
278.1
-101.17
282.56
250.89
271.84
239.2
217.84
248.18
291.09
283.06
247.14
277.12
250.11
257.57
-200.48
259.74
297.66
274.8
251.75
249.2
262.97
-106.17
192.67
262.27
271.34
46.53
270.4
251.91
286.11
262.79
297.62
247.23
264.24
252.06
247.87
255.1
294.26
258.33
277.57
249.38
282.82
265.52
244.66
280.82
230.89
266.16
268.68
276.65
309.33
245.71
270.7
266.27
265.78
282.91
265.02
256.75
261.52
278.15
287.19
269.28
246.73
268.41
296.76
294.57
267.33
246.45
285.02
289.99
274.51
261.66
290.04
274.44
254.34
4.11
287.32
268.11
230.33
256.65
292.29
294.56
258.68
238.39
278.29
269.93
259.39
249.13
301.94
-31.39
288.37
271.15
247.47
265.25
249.3
269.97
243.18
264.12
245.67
38.69
258.24
288.8
249.4
12.5
292.14
226.63
251.28
271.98
231.5
277.05
257.74
271.68
283.58
243.52
251.17
281.76
278.99
289.42
268.05
313.77
293.68
216.7
281.64
284.63
233.17
265.98
296.92
287.98
261.92
294.5
264.56
261.96
276.68
281.22
265.73
197.84
236.23
283.11
283.39
279.62
289.38
280.28
254.0
-146.32
227.78
280.12
260.23
273.12
253.41
259.95
267.52
276.51
169.23
265.27
288.56
289.9
272.43
248.9
260.91
260.52
299.94
276.81
284.24
256.88
-5.85
-7.47
301.2
-7.94
61.8
262.63
276.68
271.92
310.36
279.37
286.45
272.0
282.64
259.15
244.28
259.69
301.86
262.65
287.86
252.49
278.45
251.86
258.96
290.85
-121.96
76.42
224.47
285.55
278.48
271.97
273.7
272.94
270.87
282.37
284.31
251.28
301.21
270.5
240.93
281.85
281.21
281.42
275.34
264.75
233.65
266.48
272.56
295.53
294.33
283.62
274.62
269.5
275.38
283.42
295.07
270.49
292.36
286.49
302.31
239.72
241.28
283.88
260.5
249.71
275.0
264.89
11.78
281.24
262.86
245.49
303.06
254.0
283.4
308.27
304.45
243.39
224.94
263.3
260.46
284.22
252.2
251.9
279.59
276.56
269.06
294.81
187.21
259.16
242.97
256.6
267.58
278.41
275.8
273.67
279.0
266.72
281.68
276.97
271.88
260.13
260.99
227.22
-544.85
-661.03
-310.24
282.76
285.78
271.86
263.88
263.33
4.87
264.56
292.24
311.44
52.05
280.23
263.66
247.79
-793.45
18.31
45.89
253.18
257.31
278.83
257.59
260.64
294.25
265.66
259.6
233.09
271.65
253.13
290.34
250.27
263.18
258.66
262.48
298.07
236.56
256.51
257.81
267.67
270.06
269.76
237.54
283.7
246.94
252.38
271.81
256.2
266.63
274.3
292.37
256.78
288.19
286.22
253.63
37.84
-5.9
29.58
283.58
179.39
260.51
234.88
-546.29
-748.51
218.01
269.28
267.28
-8.18
249.31
248.08
265.05
293.77
265.26
289.97
284.24
132.72
32.19
42.86
292.12
291.1
42.82
286.83
256.13
55.61
-12.97
249.85
289.4
32.12
22.85
37.21
247.28
285.96
263.6
42.11
77.3
46.43
279.33
273.43
252.13
253.09
268.38
264.86
36.03
265.39
264.9
277.95
275.6
62.26
49.04
46.93
25.23
285.02
260.97
-16.59
259.96
276.49
295.53
58.89
279.41
238.54
17.27
292.28
234.13
266.46
250.03
285.33
259.91
275.77
274.41
72.36
260.1
252.58
303.81
278.36
277.22
248.13
228.8
250.38
263.86
289.23
-39.83
223.82
30.9
299.06
277.24
297.17
256.27
250.23
22.75
259.49
270.68
247.17
36.57
266.78
253.47
259.42
39.27
279.16
268.03
282.76
251.63
238.7
250.45
261.57
283.11
293.37
-171.33
202.32
258.78
220.97
273.04
241.33
246.24
279.53
259.07
289.7
296.33
285.99
240.8
254.27
273.65
275.02
307.96
225.93
278.35
247.2
274.79
240.43
250.46
303.45
262.62
265.98
239.55
202.66
269.7
269.43
183.49
258.99
259.44
273.27
33.52
241.93
258.9
278.86
265.45
281.66
238.42
302.38
281.11
296.58
281.86
282.42
271.0
275.55
266.08
148.09
244.51
303.75
279.31
254.26
286.39
293.23
302.29
290.89
285.27
243.88
284.84
264.38
284.46
-747.53
238.19
259.01
224.84
284.44
274.37
240.38
298.36
255.84
247.1
262.88
251.0
272.62
257.48
-142.78
274.45
254.79
296.32
313.36
309.26
271.11
276.72
243.13
273.94
258.75
309.26
284.74
293.44
274.61
266.61
283.7
270.92
238.07
264.75
270.89
257.5
-173.07
-203.62
-328.71
214.35
280.85
285.7
262.74
248.63
281.33
267.46
250.97
270.12
278.76
283.03
236.97
270.53
277.87
278.9
285.83
292.97
247.3
268.87
267.15
292.61
277.41
294.21
292.84
279.14
272.94
224.0
258.52
299.93
-101.38
269.55
287.22
287.58
258.11
296.42
299.49
255.54
-362.34
236.8
296.85
273.26
236.07
211.22
163.17
288.54
245.87
280.09
248.93
240.53
240.63
-106.48
38.28
0.73
61.99
321.15
220.44
260.07
51.68
263.14
306.91
266.99
250.88
173.14
263.86
212.72
45.44
285.67
-68.79
-50.53
255.76
242.38
7.63
-319.79
279.37
237.27
279.52
261.64
242.93
261.65
280.05
20.75
151.62
283.07
265.5
33.33
253.33
306.93
254.89
276.44
243.1
177.13
244.9
259.35
254.02
285.56
271.84
242.82
239.35
293.19
253.06
238.68
266.9
268.93
260.77
78.72
246.54
31.07
263.41
34.74
211.34
270.11
250.27
261.86
300.18
260.65
276.45
258.49
290.03
64.64
263.44
308.01
43.38
286.87
-198.37
25.11
78.82
-6.57
144.05
283.99
294.87
265.51
225.98
277.03
247.57
277.27
286.11
284.43
263.87
253.38
292.23
266.51
230.45
239.84
248.31
31.75
278.0
230.95
286.65
289.06
44.24
259.01
285.8
