-1138.05
-1315.48
-1793.8
-1381.17
-853.55
-1255.12
-1481.64
-1080.74
-1039.26
-1140.39
-1026.39
-1033.05
-1191.2
-1284.36
-848.25
-1533.65
-876.11
-905.11
-871.0
-1230.95
-759.98
-873.8
-1190.5
-970.47
-913.16
-870.26
-866.99
-750.3
-1148.21
-864.38
-859.35
-913.15
-470.08
-504.49
-504.79
-496.22
-477.58
-614.1
-507.07
-375.61
-555.17
-360.36
-252.02
-355.72
-386.59
-392.12
-249.93
-121.2
-124.55
-245.22
-356.95
-116.83
-485.56
-374.55
-121.67
-122.42
-0.86
-127.72
-368.2
-124.8
-236.86
-126.28
-246.0
-270.77
-377.25
-122.57
-254.42
-253.26
-124.79
-244.84
-122.6
-257.87
-129.28
-247.86
-247.73
-382.76
-0.96
-119.82
-263.45
-0.9
-128.37
-240.0
-233.48
-126.21
-128.37
-127.41
-446.28
-248.04
-128.15
-497.45
-119.52
-115.74
-255.62
-121.39
-124.83
-275.01
-360.15
-119.03
-253.47
-391.42
-120.01
-250.7
-128.24
-120.93
-125.31
-0.91
-124.89
-123.13
-126.64
-124.24
-339.39
-122.66
-303.0
-125.05
-0.99
-127.63
-0.66
-128.0
-247.99
-120.37
-247.97
-236.01
-0.71
-1.23
-228.8
-125.73
-127.33
-126.91
-0.72
-237.94
-252.92
-116.59
-254.46
-125.6
-126.68
-125.37
-1.0
-242.51
-387.15
-1.61
-123.16
-273.23
-117.82
-129.18
-328.65
-244.65
-253.19
-369.73
-118.07
-242.21
-119.67
-127.1
-127.64
-235.73
-125.72
-255.14
-244.35
-124.08
-247.39
-121.68
-240.83
-240.87
-259.32
-361.48
-129.0
-120.91
-239.35
-249.3
-123.91
-401.71
-127.24
-119.61
-124.69
-119.2
-1.52
-124.1
-126.88
-0.68
-241.37
-127.9
-116.91
-129.32
-114.44
-242.45
-119.75
-121.03
-127.91
-1.24
-128.97
-122.29
-125.81
-225.74
-265.72
-120.43
-122.49
-126.46
-125.6
-128.2
-126.52
-327.79
-129.28
-126.61
-1.84
-127.12
-129.01
-128.1
-252.73
-119.26
-372.58
-2.24
-123.24
-378.34
-125.83
-239.37
-124.85
-269.84
-128.73
-0.81
-124.3
-128.86
-129.63
-241.78
-125.44
-119.57
-120.92
-239.1
-126.92
-0.68
-0.98
-245.15
-1.01
-116.31
-357.85
-124.04
-128.35
-1.01
-126.96
-131.87
-123.21
-122.98
-0.57
-258.28
-2.04
-123.47
-126.68
-0.42
-1.47
-117.9
-119.52
-126.12
-124.47
-1.65
-1.47
-248.93
-128.77
-120.19
-130.61
-236.24
-125.89
-2.43
-115.8
-251.45
-127.08
-125.49
-126.61
-239.04
-128.23
-127.91
-247.19
-115.76
-244.49
-130.43
-0.49
-240.42
-257.02
-128.27
-1.91
-248.13
-128.82
-128.69
-1.03
-128.59
-263.8
-0.63
-235.78
-1.27
-252.2
-245.67
-127.3
-128.18
-123.69
-129.76
-256.52
-292.23
-119.55
-122.5
-1.39
-0.43
-241.74
-250.86
-121.43
-365.37
-2.7
-123.44
-124.52
-350.55
-121.62
-126.8
-125.86
-0.51
-125.83
-123.14
-120.15
-124.78
-126.47
-127.2
-126.87
-3.56
-124.22
-126.24
-243.26
-326.48
-119.72
-0.73
-131.61
-245.04
-127.43
-121.58
-254.15
-230.03
-120.92
-247.43
-0.55
-294.02
-127.06
-372.81
-124.36
-260.51
-427.7
-1.36
-0.56
-128.74
-244.1
-123.48
-130.43
-123.13
-128.61
-138.12
-127.63
-128.64
-121.02
-126.4
-241.1
-348.3
-252.79
-0.6
-126.13
-124.41
-130.54
-122.16
-2.54
-239.09
-368.5
-1.19
-258.66
-119.45
-247.44
-245.24
-0.84
-264.99
-246.27
-126.94
-245.81
-124.89
-126.91
-127.91
-123.81
-262.42
-118.16
-123.07
-239.16
-130.53
-266.23
-131.75
-242.63
-122.49
-123.05
-127.58
-0.85
-131.41
-129.67
-129.64
-127.56
-0.51
-384.69
-129.05
-128.36
-136.43
-348.39
-0.42
-268.58
-124.74
-119.54
-129.84
-280.44
-129.69
-2.2
-130.1
-131.09
-129.69
-113.52
-130.64
-132.7
-131.5
-1.28
-237.89
-259.34
-116.48
-129.64
-127.4
-128.94
-130.49
-117.12
-331.4
-128.36
-117.56
-260.67
-131.56
-122.82
-127.19
-128.16
-289.94
-129.58
-130.55
-361.56
-123.72
-242.27
-128.77
-240.86
-0.78
-116.75
-0.43
-122.4
-128.01
-129.71
-130.74
-130.47
-127.66
-120.69
-261.84
-236.98
-129.52
-128.76
-245.01
-240.87
-125.64
-308.53
-240.53
-131.96
-126.38
-1.43
-121.63
-128.27
-0.82
-3.13
-250.74
-272.65
-130.86
-126.84
-372.49
-269.66
-124.11
-241.58
-130.06
-129.08
-1.79
-123.76
-270.32
-248.97
-120.72
-122.17
-1.63
-122.72
-125.15
-121.81
-244.41
-0.78
-132.86
-240.42
-2.32
-234.07
-128.34
-123.61
-1.77
-131.24
-242.67
-129.03
-0.87
-0.49
-1.1
-119.21
-130.01
-122.43
-129.76
-129.68
-0.93
-121.6
-127.51
-2.25
-127.06
-119.86
-119.04
-123.66
-127.82
-132.18
-0.8
-125.94
-0.68
-127.66
-0.91
-0.49
-131.14
-224.87
-123.83
-125.71
-129.36
-1.25
-1.15
-354.05
-281.53
-125.99
-120.5
-117.93
-115.86
-242.64
-130.08
-279.5
-115.05
-242.71
-123.17
-128.97
-115.35
-240.75
-120.97
-241.14
-126.97
-119.96
-121.65
-130.54
-129.49
-122.35
-241.88
-117.88
-130.22
-126.17
-126.3
-131.22
-129.1
-241.2
-129.99
-124.71
-117.66
-127.92
-125.55
-126.55
-127.9
-271.32
-0.78
-125.76
-244.09
-132.39
-124.0
-0.78
-129.0
-1.6
-246.2
-130.06
-263.33
-261.56
-0.65
-0.5
-128.15
-319.6
-285.31
-125.05
-0.83
-131.02
-126.99
-116.26
-248.01
-127.7
-130.52
-244.46
-1.23
-130.03
-130.66
-374.71
-0.5
-128.27
-127.02
-128.9
-131.08
-119.24
-129.88
-116.48
-118.7
-123.84
-127.4
-244.71
-120.62
-128.38
-124.13
-244.97
-127.63
-124.52
-128.42
-381.83
-257.65
-122.78
-121.35
-128.07
-129.24
-125.84
-0.64
-246.34
-123.29
-1.27
-127.15
-234.08
-127.75
-127.99
-0.56
-129.67
-131.95
-248.58
-227.8
-0.49
-385.73
-124.99
-127.05
-252.18
-122.76
-125.56
-351.65
-254.73
-129.6
-1.42
-128.53
-127.91
-129.52
-126.82
-240.12
-236.72
-127.72
-119.32
-129.0
-117.27
-132.45
-129.4
-2.51
-123.24
-289.65
-130.09
-126.04
-128.22
-115.78
-124.69
-2.33
-2.75
-243.52
-127.52
-128.42
-239.57
-133.2
-0.97
-351.38
-127.05
-118.91
-122.92
-242.83
-127.67
-4.9
-128.38
-124.49
-268.22
-256.58
-250.78
-259.44
-124.55
-340.53
-243.55
-259.15
-265.47
-123.48
-124.5
-244.65
-129.29
-126.23
-133.35
-129.28
-128.79
-0.62
-130.34
-122.05
-129.57
-130.93
-128.39
-241.61
-121.85
-249.3
-128.75
-240.1
-1.54
-122.18
-128.23
-130.78
-123.79
-124.03
-120.99
-125.48
-384.04
-250.6
-1.17
-127.29
-131.39
-251.85
-127.78
-126.12
-125.65
-127.18
-0.62
-130.39
-0.43
-249.72
-130.81
-118.74
-129.08
-126.87
-374.07
-128.9
-124.82
-0.65
-125.11
-123.66
-125.81
-0.49
-0.56
-128.14
-241.21
-131.86
-127.48
-129.86
-235.4
-131.19
-128.68
-129.24
-350.09
-127.54
-129.25
-129.46
-126.65
-137.33
-126.25
-115.94
-127.7
-241.78
-125.7
-127.37
-0.77
-128.15
-120.2
-120.37
-295.22
-252.55
-126.07
-124.88
-125.21
-240.82
-1.08
-1.94
-359.54
-115.36
-245.14
-128.81
-253.6
-1.54
-130.29
-128.56
-129.94
-130.73
-129.76
-2.58
-128.67
-247.13
-381.52
-117.72
-131.1
-128.21
-232.72
-273.49
-242.27
-244.66
-1.01
-366.47
-264.47
-270.29
-127.67
-122.68
-123.53
-127.21
-0.66
-253.53
-128.34
-121.25
-297.1
-0.88
-130.7
-123.69
-119.98
-0.67
-250.72
-120.31
-122.71
-249.18
-131.55
-130.31
-128.78
-245.93
-127.85
-124.03
-251.81
-244.28
-127.67
-123.38
-124.4
-130.67
-127.97
-116.85
-131.28
-2.11
-244.67
-130.89
-245.13
-240.9
-254.07
-127.56
-0.6
-130.87
-130.85
-131.41
-128.68
-239.36
-128.42
-233.36
-128.28
-125.31
-126.77
-128.7
-249.97
-116.72
-129.75
-1.08
-129.46
-124.08
-347.45
-127.59
-0.63
-129.37
-129.69
-0.65
-1.58
-314.73
-1.17
-129.77
-125.46
-130.63
-125.81
-364.75
-272.78
-240.78
-129.9
-240.9
-130.16
-127.3
-259.29
-124.9
-128.13
-362.12
-0.48
-0.54
-271.12
-128.34
-127.46
-125.21
-130.5
-129.28
-1.35
-236.33
-251.3
-118.62
-128.68
-245.43
-124.54
-240.95
-131.45
-127.56
-249.31
-127.59
-127.75
-260.84
-129.57
-126.6
-317.57
-123.82
-3.35
-126.49
-128.4
-0.6
-246.02
-0.74
-1.29
-125.6
-127.96
-0.96
-129.42
-128.85
-129.37
-129.35
-251.37
-244.87
-129.27
-128.89
-126.01
-239.17
-128.74
-129.98
-131.08
-129.52
-130.86
-129.29
-0.7
-255.52
-0.87
-250.87
-128.97
-122.49
-1.82
-1.4
-131.71
-130.2
-271.22
-0.97
-131.33
