-12.57
-12.72
-12.7
-12.08
-13.34
-15.32
-14.3
-13.52
-13.64
-13.98
-12.33
-11.94
-11.82
-14.44
-12.53
-12.69
-10.86
-12.8
-11.95
-11.54
-11.15
-14.3
-13.38
-12.7
-11.23
-12.68
-12.87
-11.46
-12.45
-11.97
-12.34
-12.09
-10.74
-15.17
-13.05
-12.54
-12.89
-11.75
-11.99
-11.87
-13.56
-12.39
-11.65
-12.7
-15.86
-13.37
-11.88
-13.93
-12.5
-12.99
-11.56
-13.28
-12.13
-11.91
-11.88
-12.93
-11.59
-11.96
-13.66
-12.11
-13.18
-14.77
-12.0
-12.7
-12.24
-12.55
-13.52
-16.18
-13.68
-11.98
-11.91
-13.19
-11.42
-15.69
-14.32
-14.41
-12.88
-12.05
-15.0
-12.92
-10.8
-13.07
-13.51
-11.1
-14.03
-12.91
-12.1
-11.53
-12.59
-11.48
-11.95
-11.02
-11.89
-12.53
-11.72
-12.77
-13.65
-13.08
-13.95
-12.34
-13.6
-13.6
-12.94
-13.51
-12.38
-12.76
-13.91
-12.81
-11.37
-13.36
-14.22
-13.28
-15.56
-12.12
-13.9
-12.95
-12.81
-11.91
-11.47
-13.1
-14.98
-12.52
-13.4
-11.86
-12.84
-11.18
-13.24
-13.2
-12.92
-12.46
-14.81
-13.77
-15.13
-12.58
-13.11
-13.04
-13.27
-14.01
-11.06
-14.21
-12.76
-12.61
-14.11
-11.1
-11.32
-12.83
-13.39
-10.59
-12.51
-14.5
-12.45
-13.11
-12.15
-12.32
-12.17
-14.68
-10.44
-11.73
-12.96
-13.78
-12.49
-14.56
-14.42
-14.33
-12.2
-13.06
-15.12
-14.03
-12.16
-13.15
-11.87
-11.84
-12.48
-13.69
-12.79
-10.78
-13.39
-12.4
-11.63
-12.99
-14.31
-13.99
-13.29
-13.22
-12.47
-11.86
-12.27
-13.93
-12.8
-12.86
-13.91
-12.7
-14.18
-12.4
-14.42
-11.75
-14.99
-12.53
-10.14
-12.61
-12.94
-13.24
-11.34
-12.78
-13.42
-14.43
-13.56
-13.05
-13.69
-13.82
-13.56
-14.13
-13.94
-11.35
-12.84
-12.11
-14.19
-12.92
-11.66
-14.65
-12.58
-12.24
-13.23
-11.43
-11.63
-12.03
-12.66
-12.37
-9.99
-12.4
-12.27
-11.66
-13.19
-11.76
-12.67
-13.66
-12.57
-11.67
-14.79
-12.12
-14.07
-13.24
-12.43
-12.95
-13.04
-12.33
-14.39
-13.04
-10.61
-11.7
-12.84
-11.71
-13.4
-14.99
-14.78
-12.32
-13.32
-12.64
-12.14
-12.15
-11.86
-12.4
-14.51
-14.76
-12.0
-11.2
-14.08
-14.92
-11.65
-12.1
-14.26
-13.53
-13.21
-12.07
-13.13
-12.34
-11.56
-14.73
-13.92
-12.75
-12.28
-12.92
-13.53
-11.51
-15.83
-13.47
-11.56
-11.86
-12.63
-11.64
-11.62
-12.4
-12.48
-13.89
-11.42
-13.31
-12.8
-12.3
-13.37
-13.0
-14.32
-12.66
-11.33
-12.11
-14.2
-13.04
-11.81
-12.83
-12.91
-12.25
-12.82
-13.85
-11.23
-11.63
-13.49
-10.98
-13.95
-14.21
-13.6
-14.36
-13.01
-12.97
-13.58
-12.23
-13.64
-11.66
-16.2
-11.96
-12.91
-12.97
-12.25
-11.71
-12.26
-12.71
-14.47
-12.99
-11.66
-12.79
-11.68
-14.05
-15.19
-11.7
-11.47
-14.49
-12.27
-11.48
-11.11
-11.44
-13.99
-15.12
-12.19
-13.13
-12.47
-12.56
-13.01
-12.13
-12.55
-13.12
-12.6
-13.8
-15.23
-13.09
-12.03
-11.4
-12.55
-13.42
-13.73
-12.74
-11.98
-12.19
-12.29
-13.17
-11.41
-13.96
-12.35
-12.48
-13.5
-11.39
-13.66
-11.71
-11.89
-12.6
-11.19
-11.22
-13.75
-10.48
-13.82
-14.84
-13.67
-13.12
-14.21
-11.53
-14.07
-12.15
-12.92
-14.51
-13.15
-13.34
-13.53
-13.44
-13.85
-11.0
-13.66
-12.68
-14.35
-12.6
-13.18
-11.94
-13.47
-10.73
-10.54
-12.05
-13.85
-11.99
-12.16
-12.53
-12.52
-12.87
-13.06
-12.87
-11.7
-12.55
-10.95
-13.75
-14.07
-10.17
-12.92
-12.49
-12.66
-12.88
-12.99
-12.26
-15.23
-13.03
-14.01
-13.02
-13.11
-12.08
-10.25
-13.0
-13.63
-12.24
-11.65
-10.74
-11.25
-12.85
-16.66
-13.03
-16.02
-12.09
-11.56
-12.67
-13.07
-11.78
-12.95
-11.97
-10.78
-11.76
-14.05
-11.45
-10.91
-12.39
-13.47
-14.77
-13.11
-11.87
-13.38
-12.92
-12.97
-12.13
-12.4
-14.42
-11.41
-12.67
-12.54
-12.47
-12.42
-13.21
-13.43
-14.57
-12.92
-14.33
-13.1
-13.87
-12.04
-13.09
-12.99
-13.17
-13.51
-11.06
-11.21
-12.98
-12.95
-11.82
-11.54
-14.15
-12.19
-13.91
-12.58
-11.27
-11.37
-13.55
-14.74
-12.73
-11.16
-13.79
-15.1
-11.15
-13.65
-13.86
-12.82
-13.45
-12.52
-12.59
-14.82
-12.52
-10.88
-14.41
-13.13
-11.79
-11.98
-12.84
-13.53
-13.81
-14.13
-12.45
-13.81
-11.76
-13.37
-14.44
-12.63
-13.41
-12.58
-11.71
-12.01
-12.6
-12.86
-12.96
-13.2
-12.91
-12.3
-13.68
-13.6
-13.56
-12.32
-13.21
-13.64
-12.63
-12.07
-13.16
-14.02
-13.38
-12.52
-12.31
-12.95
-14.31
-13.63
-14.38
-11.7
-13.79
-12.67
-12.33
-14.95
-12.25
-12.0
-13.09
-11.62
-13.89
-12.67
-13.16
-14.09
-13.47
-14.25
-11.25
-13.77
-12.65
-11.82
-12.15
-13.08
-14.8
-14.13
-12.43
-11.82
-14.16
-12.07
-13.57
-13.19
-12.41
-13.35
-12.29
-13.36
-13.33
-9.84
-11.04
-12.38
-14.75
-13.66
-11.0
-11.62
-13.53
-13.16
-13.61
-11.75
-13.11
-12.25
-12.74
-13.68
-12.85
-12.4
-12.5
-12.31
-13.38
-12.04
-13.98
-12.52
-13.69
-11.21
-11.33
-12.39
-12.91
-12.17
-13.73
-13.06
-13.82
-13.22
-12.87
-12.47
-13.47
-11.7
-11.82
-11.57
-12.77
-13.6
-11.8
-12.88
-16.69
-14.4
-14.02
-13.64
-15.24
-12.4
-11.57
-12.61
-13.19
-13.02
-12.0
-13.12
-11.72
-12.81
-10.99
-12.97
-13.52
-12.76
-11.91
-12.08
-13.4
-13.32
-12.52
-15.0
-11.53
-11.05
-10.64
-14.03
-11.41
-12.58
-12.35
-11.01
-13.9
-11.27
-13.19
-12.4
-10.92
-13.73
-12.03
-12.2
-12.74
-11.81
-14.24
-13.72
-10.7
-12.5
-12.95
-12.3
-15.07
-15.3
-14.25
-11.49
-10.62
-13.43
-11.05
-12.46
-14.86
-13.24
-12.82
-11.85
-12.79
-11.45
-12.87
-13.47
-12.67
-12.27
-13.12
-12.7
-11.94
-12.34
-13.8
-14.9
-11.37
-12.09
-11.57
-12.53
-13.12
-11.78
-10.53
-12.54
-12.65
-11.86
-11.61
-12.4
-12.07
-12.21
-11.78
-12.82
-14.93
-12.46
-10.94
-13.13
-11.36
-12.6
-14.07
-12.63
-13.79
-12.37
-12.61
-14.48
-12.56
-13.39
-12.56
-12.88
-12.93
-12.56
-13.84
-11.35
-12.63
-14.46
-12.05
-12.65
-12.31
-13.0
-14.11
-14.47
-12.46
-15.27
-11.18
-13.14
-13.5
-13.67
-14.97
-13.76
-14.21
-12.26
-13.31
-12.36
-12.24
-12.82
-12.33
-12.88
-12.43
-12.74
-11.89
-11.99
-13.29
-12.81
-11.5
-12.09
-12.59
-13.65
-12.53
-12.91
-13.62
-14.96
-11.94
-13.17
-11.66
-13.27
-14.41
-12.69
-12.91
-13.52
-12.59
-12.15
-13.44
-13.27
-12.97
-11.8
-11.65
-14.6
-14.29
-14.2
-11.71
-13.24
-13.3
-11.34
-13.06
-11.98
-11.62
-11.22
-12.41
-14.42
-10.55
-13.86
-13.52
-13.08
-12.73
-12.1
-14.83
-13.06
-13.26
-12.64
-12.26
-13.79
-14.15
-12.4
-14.53
-14.48
-12.69
-11.22
-13.12
-12.92
-16.28
-14.33
-11.47
-11.63
-12.65
-14.45
-14.13
-12.87
-11.6
-12.81
-12.32
-11.7
-10.61
-12.71
-13.27
-14.06
-10.74
-12.72
-12.09
-11.48
-11.65
-12.23
-12.19
-12.12
-12.51
-10.17
-12.08
-12.25
-12.92
-11.26
-11.09
-12.57
-13.4
-10.97
-13.8
-11.47
-13.68
-12.96
-13.62
-12.05
-11.35
-12.42
-11.09
-12.4
-13.87
-10.08
-12.9
-9.77
-13.97
-12.64
-14.46
-12.76
-12.94
-10.65
-11.64
-11.98
-14.26
-13.41
-14.17
-12.55
-14.9
-12.44
-12.08
-12.64
-12.42
-15.01
-11.37
-11.63
-13.89
-13.24
-13.84
-12.86
-11.93
-10.6
-14.53
-13.92
-12.93
-13.78
-12.55
-12.53
-14.39
-12.72
-9.97
-12.39
-13.26
-13.14
-11.8
-12.6
-10.4
-14.12
-13.52
-12.76
-12.69
-12.63
-10.82
-14.23
-12.1
-13.78
-12.3
-11.66
-11.83
-11.04
-12.12
-13.25
-12.97
-14.77
-16.36
-12.28
-12.26
-10.91
-11.63
-13.55
-12.7
-14.17
-12.63
-13.79
-13.75
-12.04
-14.8
-11.6
-14.42
-12.46
-10.28
-11.42
-12.16
-10.61
-13.09
-13.39
-12.39
-15.13
-12.06
-13.86
-11.75
-13.65
-12.6
-11.46
-13.38
-16.59
-12.92
-12.29
-12.22
-12.03
-11.37
-12.96
-14.24
-13.19
-12.84
-13.24
