-117.37
-150.53
-194.07
18.55
25.38
-58.3
57.14
77.91
-25.5
-24.44
-186.99
-25.61
16.08
5.73
17.68
51.35
26.94
0.46
5.59
-10.09
4.88
50.83
21.06
-3.87
15.5
-0.75
26.48
54.23
3.45
-0.52
-7.14
1.68
14.03
10.08
10.85
39.81
39.78
36.88
42.56
1.44
5.61
-13.58
13.15
0.33
4.18
15.61
46.87
12.82
7.96
39.07
6.53
27.64
35.89
11.05
15.36
9.29
-4.11
-32.27
43.92
20.74
25.01
42.7
-0.5
30.51
17.86
8.42
-2.54
26.79
19.07
25.01
31.42
22.75
10.32
27.53
11.43
16.69
35.28
0.3
29.93
-4.55
30.28
12.39
-2.77
18.2
35.92
14.82
-3.22
8.55
18.32
12.07
10.76
7.12
5.18
-11.64
38.9
18.66
8.98
3.75
40.74
14.15
-13.04
-1.43
41.89
34.88
3.29
16.73
-3.71
34.62
4.46
-3.22
-8.7
-11.79
2.01
7.25
33.22
5.93
-9.94
-0.08
20.01
9.56
-28.43
-15.62
29.48
-16.06
13.63
-29.13
-14.45
36.57
23.19
-6.52
-0.97
-46.21
-13.14
-11.79
-40.77
6.72
-7.16
1.15
-27.56
-34.64
60.64
-12.5
2.24
-27.0
-14.97
8.76
7.53
-37.62
6.42
1.44
29.08
23.39
13.33
8.37
-11.79
24.18
-8.71
-19.91
27.6
21.09
-4.04
18.0
4.16
-8.54
25.34
-15.08
23.16
27.37
-5.95
0.28
9.68
4.7
7.78
26.23
15.54
-8.05
30.55
-13.86
3.49
23.32
-10.18
23.27
-14.98
-13.68
5.18
25.87
-9.7
44.17
19.93
29.1
-12.49
12.35
-12.79
29.11
18.59
7.92
5.37
1.52
7.2
45.51
-44.58
36.1
-7.89
22.57
4.95
-5.19
-15.97
-5.84
-20.95
-24.11
-0.06
28.27
7.31
-25.56
-13.07
50.32
-1.25
17.73
3.23
14.59
-4.6
8.43
5.95
9.78
10.45
27.47
-9.26
-18.98
-4.4
1.51
-8.46
5.34
-13.98
-14.2
42.3
20.9
3.05
10.51
13.57
-9.47
22.51
43.29
-4.41
24.58
50.86
2.92
-9.83
33.9
7.4
3.17
0.37
5.75
-3.79
55.52
5.2
-15.86
12.84
4.08
-10.14
16.28
25.19
28.79
-14.76
23.15
17.4
-9.03
-15.68
14.77
22.91
28.47
24.09
36.16
-16.53
5.05
-16.75
7.07
2.95
-7.76
-6.28
28.03
1.78
17.12
-12.82
1.71
17.89
23.35
-2.74
43.93
-4.79
-10.83
12.83
27.37
31.8
1.91
0.45
29.86
28.01
18.03
7.49
19.93
9.3
19.08
-1.25
34.28
-22.64
0.46
11.53
21.78
-5.27
-11.54
-3.61
-0.44
12.51
2.91
0.41
25.79
-3.68
3.0
13.18
36.3
31.65
-14.28
-18.21
-9.88
0.34
21.95
-7.06
37.16
3.07
17.67
9.33
-13.63
8.29
6.58
53.72
8.02
12.27
17.55
1.85
12.76
0.04
5.06
-13.11
-11.38
48.7
14.87
17.89
14.77
15.61
15.39
4.39
-2.21
9.93
-14.5
19.98
10.99
8.72
33.72
12.88
25.08
27.68
5.89
-8.5
14.82
34.05
-0.92
-3.13
11.54
41.36
-6.15
6.44
16.39
31.33
39.97
4.76
39.53
-6.06
-34.22
32.19
5.38
25.66
16.65
-9.27
55.56
-14.31
21.26
13.07
0.3
12.25
40.82
43.81
8.07
37.84
31.45
12.31
17.02
-2.96
-1.58
-0.19
51.06
10.65
-12.94
36.68
45.87
24.47
8.95
-0.7
13.15
-16.17
15.66
56.39
5.26
-0.98
14.08
-7.6
27.81
12.35
-3.41
21.87
-12.04
11.18
0.8
-12.05
48.83
17.04
-20.2
-8.43
0.88
0.92
-20.41
-8.28
-0.78
-8.02
25.82
23.42
-19.8
16.69
-3.52
-2.47
29.8
32.42
8.36
15.47
-7.58
-8.55
1.1
-29.74
0.24
26.7
30.46
6.33
4.8
2.25
45.73
4.39
10.52
7.7
24.61
1.34
25.09
-1.74
14.86
42.4
-11.26
-9.16
17.86
19.12
-2.07
-0.69
-2.63
14.92
-17.25
18.52
-12.6
-1.71
-12.63
4.82
28.58
13.03
-7.4
-25.78
-10.08
7.34
-15.7
-18.87
7.86
12.42
-6.14
-4.47
-1.89
22.31
15.37
4.6
10.0
3.12
20.11
-22.31
-6.77
-2.3
4.53
3.18
-11.24
9.11
-7.09
-10.23
5.18
-2.44
8.03
35.41
8.67
3.78
-15.15
-6.42
-15.6
-21.28
2.95
-0.78
-6.16
-4.79
2.46
18.05
-11.81
8.21
-10.72
8.39
-1.31
-15.35
1.59
-0.23
-5.23
17.53
23.93
-0.25
-9.4
14.91
18.03
-21.48
32.64
4.91
-0.97
-26.05
30.74
4.19
-13.72
-5.13
21.51
-3.03
0.46
1.81
-6.4
5.27
-6.92
5.07
17.27
10.59
-22.77
-6.51
0.28
14.54
21.14
-0.08
-4.39
-8.45
16.67
-4.55
10.43
0.91
7.58
22.15
-11.96
20.42
7.78
12.63
1.57
9.53
41.34
-4.98
-19.89
-10.72
21.54
25.88
2.75
16.07
22.95
-0.64
9.53
7.2
23.36
-8.15
-0.92
-5.56
-30.5
1.15
17.53
8.28
16.94
-29.66
40.35
-21.97
-7.47
20.01
15.99
10.1
-4.92
20.54
-17.3
15.38
-10.37
35.39
32.93
12.86
12.79
33.17
20.86
7.97
4.34
-9.62
6.11
7.6
2.31
2.91
-3.44
-6.38
-9.53
-1.9
-8.85
0.5
-7.2
6.5
-10.26
-9.58
13.73
-9.83
14.4
12.84
-14.71
-10.57
-4.04
21.63
1.21
17.81
-2.12
-1.17
8.54
13.81
11.55
-22.26
-12.88
-3.69
-0.04
21.62
11.36
-0.76
-11.07
11.8
-17.74
0.86
-17.31
8.05
31.24
-6.32
4.29
-9.67
19.59
-9.4
-2.29
9.24
0.26
-5.5
11.04
-19.35
12.13
9.64
8.75
10.15
-11.59
-0.14
-0.9
-2.12
10.49
-9.03
-11.9
24.87
0.06
-13.18
11.84
8.09
32.77
-11.72
18.61
-19.77
-23.22
0.46
14.59
9.03
-18.91
2.23
29.93
-12.35
6.1
6.63
10.08
3.47
-8.97
6.07
-14.5
-12.64
-2.2
20.34
16.69
19.23
19.59
6.7
52.71
11.91
-7.68
-6.6
0.73
-2.22
8.32
-21.62
-12.42
22.23
-4.07
-6.41
15.54
-26.23
8.81
-7.42
5.2
-29.05
36.8
-25.8
-1.71
-15.72
-6.18
2.63
11.35
-10.37
18.76
3.34
-1.91
15.9
-11.17
-27.29
-3.27
35.63
-11.88
18.65
30.17
12.52
-14.77
28.93
13.93
43.71
12.71
2.41
12.33
-3.87
-6.89
-6.35
-9.5
-3.72
18.02
14.65
-19.15
11.27
36.21
-12.47
40.44
16.08
6.34
-22.08
-2.42
12.75
7.66
-116.54
-0.55
-16.4
12.47
-6.5
8.77
-7.4
-6.14
13.61
33.85
-6.62
-20.22
-11.2
-8.8
7.54
6.62
-5.99
32.85
-31.92
10.12
34.02
14.71
37.91
5.28
-11.45
-7.76
-11.15
8.9
11.7
28.18
11.41
11.47
4.01
7.81
-7.21
2.28
-3.28
11.52
-16.29
-11.33
-8.1
-26.76
16.7
12.71
-16.4
13.23
16.92
-23.46
4.0
10.19
-16.8
-19.21
28.6
22.63
-16.63
-11.91
-7.46
26.61
-2.39
-1.92
7.32
-12.64
5.59
-0.46
-20.15
18.93
-10.47
42.61
-11.07
-8.84
26.52
12.98
21.05
5.84
-5.75
11.42
-24.44
5.39
-23.67
24.39
28.1
31.59
-3.37
1.09
5.55
1.58
-2.9
17.65
12.31
-7.84
7.1
-8.18
4.6
9.17
-8.02
8.92
0.95
9.89
-8.6
40.1
-8.6
32.39
-6.88
4.78
-7.92
-1.3
20.39
-2.19
-12.96
2.27
7.18
5.77
-16.03
-14.74
44.89
-10.29
-8.45
17.99
10.4
-1.95
10.78
-9.85
-15.54
-10.86
9.66
-0.6
-19.75
-3.21
13.65
-4.12
8.9
17.22
14.58
2.72
-2.88
-1.18
11.67
1.06
14.74
-0.84
5.73
4.45
-0.37
-7.33
0.35
-3.04
-10.13
-8.63
10.02
-8.23
43.91
-1.6
8.54
0.16
18.69
4.61
-7.28
-0.3
0.2
19.12
-10.74
19.42
26.14
22.02
34.98
15.68
6.26
-18.18
3.83
11.52
15.56
-22.08
20.02
46.29
-8.37
3.28
25.5
2.97
21.66
17.28
6.5
8.24
28.23
-1.37
20.28
38.99
26.4
-118.31
8.13
-3.52
-8.65
-0.06
5.27
18.01
9.6
0.61
5.3
-8.95
-6.93
6.18
9.01
2.68
25.64
-19.61
5.45
5.23
12.31
-15.12
32.99
-11.04
-13.76
11.74
45.27
4.17
-11.49
15.57
0.96
15.35
29.38
24.89
19.66
-7.24
18.35
4.33
22.19
-7.69
4.98
-8.6
17.56
-8.53
12.99
14.5
-3.72
15.81
11.5
3.29
-7.18
15.29
-10.88
7.49
-14.95
-4.54
-4.71
25.78
10.15
-11.36
-2.66
-4.79
11.48
11.22
-10.23
6.79
19.88
-10.9
3.35
-4.24
-3.13
6.37
20.91
-14.24
-12.55
-17.99
-3.31
-9.96
-22.0
-5.27
8.52
26.81
8.93
-1.63
-10.57
13.24
-6.71
-14.4
-11.64
3.01
-7.75
31.16
-4.68
-10.14
3.66
9.23
11.88
3.61
-4.56
1.83
-4.28
6.45
-2.2
14.72
3.75
2.82
10.89
-22.95
-13.52
11.11
10.86
-22.26
8.42
-3.12
2.64
-2.58
3.53
8.95
26.66
-13.21
-16.24
21.61
-16.23
-37.67
-6.59
14.87
10.39
11.46
15.07
-3.45
8.47
10.76
-7.28
20.83
22.2
11.79
5.41
3.08
0.35
-20.55
17.32
25.84
-7.47
17.62
20.23
-0.03
-5.69
9.35
14.87
33.2
13.02
-10.77
10.24
0.78
16.57
-7.1
-15.92
-26.02
31.71
-1.11
-3.89
9.44
1.92
3.57
5.06
13.52
18.41
21.44
21.98
-10.6
6.32
-9.71
22.87
24.15
-9.31
-0.89
8.7
14.98
-15.07
6.41
24.84
7.12
6.6
14.38
14.96
9.85
35.17
-0.93
-20.0
28.0
7.31
9.62
32.69
7.21
-18.58
-13.52
-6.37
-34.56
-10.83
-10.24
22.41
-3.46
-21.88
7.5
7.58
-3.9
-5.14
1.68
27.32
-17.7
-2.38
-5.61
-21.15
-3.56
0.73
-2.72
4.82
10.03
-2.24
18.81
-23.37
4.08
0.53
-7.05
5.31
-14.83
14.26
-1.35
-16.53
14.51
20.2
-12.31
-3.77
39.21
20.81
-16.18
-4.74
-3.39
3.21
3.49
9.03
34.81
11.15
-2.94
-18.13
-1.84
-0.41
21.63
20.46
27.22
-1.08
9.88
9.34
-3.61
27.73
9.6
7.58
-111.8
22.37
-2.31
-7.5
-3.05
-2.26
22.25
-5.67
3.55
3.54
24.79
-10.0
-20.48
-17.54
5.85
6.29
12.52
20.89
-10.25
10.44
18.78
3.44
9.12
3.78
7.88
4.69
-15.98
23.09
-7.81
14.05
-499.12
-4.31
33.03
-25.11
3.46
-4.73
3.7
-11.78
13.53
7.73
-24.33
1.55
-0.13
-7.77
9.38
-0.91
21.0
-19.07
3.39
23.14
5.94
-18.81
5.97
6.59
-2.76
9.57
13.49
18.18
10.55
-4.14
1.86
-2.22
-0.92
-17.11
33.88
19.76
-18.47
26.54
30.98
9.64
42.07
-13.48
7.77
-0.55
-11.6
2.18
-9.18
-5.7
4.28
8.1
15.18
-4.61
-8.83
-12.68
-3.28
-0.75
3.15
-6.76
23.56
-7.61
9.13
10.24
32.48
22.65
19.58
-29.65
3.75
-2.3
-8.94
14.71
-2.35
9.4
26.78
5.82
4.62
9.3
-12.37
-1.64
12.77
20.34
16.38
-125.07
20.17
10.51
28.66
17.6
-0.24
3.95
-31.52
-0.09
8.88
9.76
-19.62
24.86
8.31
-10.27
16.57
10.49
4.85
-8.62
-0.55
-3.77
13.24
23.56
12.34
17.51
0.34
17.26
-3.12
-18.2
10.82
8.93
9.66
-12.15
-4.76
-4.01
1.55
9.86
31.76
7.38
-10.68
-16.98
16.84
7.21
31.25
8.14
-5.53
15.69
8.18
-1.52
-7.97
30.59
-26.0
-17.74
3.54
15.75
9.42
-12.77
-9.56
-4.61
12.24
10.21
-7.32
21.84
-14.37
-12.54
6.01
0.11
-27.98
34.29
17.55
11.81
6.22
7.47
34.5
-15.74
14.16
-10.71
14.08
-5.7
9.57
30.78
-3.78
6.07
19.35
-12.15
19.12
2.27
8.67
5.1
-10.51
10.34
-26.76
-13.72
8.23
15.11
19.1
21.58
29.41
4.22
6.58
31.4
-9.28
2.89
30.15
11.32
18.08
14.62
1.92
25.1
-4.44
-1.56
0.72
-2.53
5.53
-13.5
9.3
12.84
8.06
6.84
6.98
-7.35
2.57
-15.55
32.96
-32.96
-6.53
-4.32
-5.79
18.29
5.99
-34.17
3.58
-19.36
5.94
-14.39
-1.52
20.26
35.25
-14.22
-18.41
-1.08
41.46
15.45
38.02
18.51
26.63
-12.93
1.29
-6.82
4.65
-17.84
29.07
-12.96
15.34
35.57
15.69
-8.38
0.83
26.63
12.4
22.52
0.46
-7.5
4.47
24.93
0.33
7.97
-3.51
-5.4
25.71
7.29
-1.43
-6.99
7.54
-4.27
25.47
9.46
4.56
4.79
-11.04
9.63
8.29
38.33
-13.41
17.02
28.24
-11.45
1.54
-8.83
-18.68
17.3
-12.05
-11.3
0.43
4.75
30.47
-21.0
31.45
-6.1
-9.35
-0.15
-22.2
13.77
-2.42
34.29
22.89
-7.13
-30.26
30.92
12.0
19.88
9.71
-0.22
0.24
-8.18
34.55
-12.52
-13.86
22.46
8.51
3.02
11.67
-14.13
-8.07
11.42
31.32
19.06
-10.12
31.96
-11.69
-3.87
15.51
12.53
18.12
25.25
6.89
11.36
6.02
21.03
5.89
15.39
-5.24
12.22
2.36
33.8
3.82
27.41
-18.48
0.77
28.29
-14.24
19.88
5.02
-5.56
3.92
24.28
-15.38
-6.09
15.19
-13.64
17.06
2.87
5.6
-31.69
-15.5
7.18
-11.18
0.78
6.28
-0.93
6.02
13.71
5.56
8.34
-13.61
-3.29
14.58
-11.39
39.77
8.97
3.22
28.02
22.79
9.83
-3.55
-10.0
14.2
27.93
-0.27
8.41
-11.92
-6.56
-20.62
-29.23
16.95
10.26
2.91
10.13
35.27
25.54
-4.82
9.28
-19.57
13.68
14.8
4.12
16.4
8.58
42.77
21.65
18.0
-14.94
-0.55
-4.36
3.09
-5.84
-18.1
-3.52
14.68
26.76
13.81
-9.42
15.43
18.08
14.11
23.39
6.15
21.11
5.78
16.71
-12.81
20.82
12.32
21.77
-8.16
26.24
-19.1
11.47
3.54
0.73
-7.15
5.09
8.19
29.7
1.61
5.34
8.74
-7.67
-15.14
12.1
18.96
-5.51
11.52
-3.99
-13.94
8.62
-16.12
22.88
4.64
-6.08
0.22
-14.27
-7.89
-9.63
-8.01
-0.95
-5.18
24.97
17.77
-18.09
-11.72
-4.16
21.54
5.07
-1.92
-11.89
-10.51
16.6
13.81
-17.17
-11.33
6.9
37.43
-2.03
-8.17
26.51
18.24
8.98
-18.28
35.27
1.8
2.44
-8.34
9.71
7.23
-18.44
7.37
-25.86
-11.99
