-55.04
-43.37
-65.69
-118.08
-81.56
-168.07
-136.35
-276.36
-425.8
-347.23
-157.71
-527.47
-186.96
-125.43
-115.13
-107.81
-320.5
-236.42
-417.46
-41.2
-133.09
-283.32
-277.89
-152.33
-109.14
-182.54
-322.58
-344.12
-79.87
-53.45
-122.8
-10.91
-65.0
-276.68
-109.27
-469.43
-89.74
-217.11
-287.98
139.75
-224.06
-44.02
-140.92
-204.72
-100.23
-200.9
-208.19
-179.67
-76.23
-102.48
-89.0
-212.42
-291.94
-242.84
-108.87
-68.91
-209.17
-134.2
-167.07
-325.72
-101.52
-88.28
-200.22
-78.78
-210.59
-100.73
-214.9
-18.69
-125.38
-101.61
-26.21
-59.63
-241.5
-97.84
-212.29
-187.41
-342.56
-227.86
-55.6
-101.2
-249.24
-181.03
-220.73
-243.14
-222.99
-337.92
-204.95
-76.0
-234.01
-93.96
-248.75
-286.9
-146.11
-78.24
-162.21
-98.74
-144.33
-21.84
-30.47
-59.86
-333.72
-80.46
-154.79
-98.54
-116.97
-188.03
-140.13
-87.67
-118.41
-90.59
-138.71
-96.42
-94.03
-108.13
-255.09
-99.17
-58.54
-210.86
-36.36
-84.18
-109.13
-84.38
-94.78
-57.08
-82.77
-73.57
-200.17
-433.07
-81.25
-59.32
-47.95
-280.15
-197.96
-406.01
-108.77
99.91
-236.31
-593.18
-75.48
-132.85
-29.35
-20.13
-131.26
-21.91
-48.21
-116.97
-53.53
-45.32
-202.97
-101.24
-259.14
-33.28
-195.83
-88.06
-84.27
-159.34
-59.72
-60.95
-34.42
-21.69
-39.86
-261.54
-56.67
-125.54
-228.97
-18.35
-206.63
45.1
-75.05
-191.67
-89.42
-71.15
-47.86
-247.44
-174.8
-194.55
-9.61
30.69
-40.47
-285.28
-199.54
-4.15
-4.71
-99.27
-281.5
-27.6
-3.06
-250.12
-82.45
-107.75
53.28
-33.17
75.63
-209.37
-73.47
-22.31
-24.18
-2.34
72.6
-96.14
-123.68
-136.58
-97.34
-144.16
47.93
-144.44
-156.24
-38.08
-262.28
41.73
14.72
-52.09
-232.52
-303.15
-120.33
-123.71
-9.35
-19.27
3.92
-62.93
-58.42
61.05
-14.43
-30.52
-202.91
-46.81
-125.72
-45.93
-51.14
-3.14
-246.43
139.34
-13.9
73.08
9.57
5.5
-82.61
-32.07
-53.26
20.62
-1.15
42.82
-18.44
-33.72
39.17
27.14
-39.9
-82.27
78.83
-33.51
-0.27
-8.89
67.18
103.23
-29.2
51.21
6.61
20.99
-30.87
-32.86
6.51
-23.31
-117.65
15.65
-79.36
-38.52
-152.27
40.36
-37.03
103.12
30.08
2.87
0.94
45.46
-30.29
-56.84
2.02
60.69
8.68
-2.76
2.72
-40.41
87.13
-18.32
-71.0
67.4
42.75
130.42
28.55
-49.1
101.22
47.65
38.92
49.32
18.68
36.6
61.62
123.77
97.09
94.21
-171.48
36.94
40.85
39.03
93.7
-64.92
-41.33
-54.64
48.68
72.66
99.32
10.83
36.81
-96.36
36.58
86.08
-4.94
-36.87
95.74
92.27
100.74
116.6
93.15
10.21
37.62
15.75
113.48
16.11
72.98
14.6
95.88
125.53
-304.5
90.05
-1.42
79.34
78.56
49.01
135.75
117.86
7.15
23.02
78.36
39.08
87.39
59.0
60.49
84.19
58.24
41.55
17.89
13.78
84.45
14.76
21.94
56.55
76.77
78.39
52.48
96.22
12.92
62.49
-6.01
85.48
52.9
-4.95
50.07
24.12
87.09
-32.42
15.07
49.86
14.84
99.44
84.85
7.91
102.28
40.96
16.7
111.39
78.1
69.37
68.27
48.05
87.43
6.9
-14.87
66.82
48.74
-30.64
45.62
95.31
47.16
-8.89
50.87
44.34
91.85
87.15
49.0
67.04
78.45
39.88
13.92
61.39
41.48
27.59
38.96
34.17
19.38
132.31
-44.99
69.27
68.37
134.26
17.51
121.87
66.01
169.61
97.69
7.87
44.29
80.61
22.78
32.67
126.5
50.15
39.87
75.04
32.12
46.74
19.38
70.54
75.63
57.57
84.72
70.52
98.83
108.57
58.83
65.92
57.83
89.68
3.83
47.5
60.19
56.07
66.43
74.28
80.21
45.58
62.77
56.29
98.03
59.63
56.18
91.47
121.23
68.12
73.5
82.74
83.09
48.27
83.53
78.66
56.36
46.38
29.53
49.8
87.27
49.06
0.93
39.68
67.81
72.64
76.54
118.48
93.06
46.93
100.47
59.93
66.03
55.82
55.14
71.61
96.96
79.19
47.34
85.28
57.54
-16.12
55.18
80.72
45.62
59.72
48.75
87.18
26.39
110.82
83.89
72.77
52.66
106.7
48.79
91.95
93.55
74.3
82.45
105.66
68.56
102.42
71.59
41.88
56.47
74.54
72.77
33.49
61.57
36.89
24.05
75.02
65.99
76.51
76.26
43.31
72.7
50.62
55.83
35.2
109.88
57.53
67.34
31.28
26.78
28.52
67.92
98.05
88.29
73.37
72.27
61.95
70.88
40.77
73.11
45.48
84.22
63.57
110.64
73.38
53.2
63.98
72.89
43.57
75.88
65.6
106.07
90.76
37.59
86.99
81.01
71.0
88.01
47.93
112.28
72.98
51.88
84.37
96.07
66.63
99.33
84.03
52.06
100.49
51.39
73.46
77.79
94.48
19.73
86.42
83.78
65.51
43.08
88.18
53.38
76.02
70.86
83.22
91.83
42.94
84.31
74.72
76.28
50.33
21.86
122.48
58.15
47.11
71.24
47.74
48.95
85.73
80.41
101.81
38.97
99.16
106.94
79.24
85.98
91.4
109.71
86.31
95.06
62.03
85.04
80.08
93.11
66.96
64.7
63.61
98.18
124.93
96.45
111.67
79.75
114.89
114.56
98.52
42.04
79.57
82.75
22.49
75.82
118.84
77.76
91.82
119.47
56.6
97.17
66.41
58.44
79.07
88.95
61.53
62.68
83.41
83.74
83.44
54.76
75.66
85.93
91.0
95.92
53.9
58.32
68.63
98.05
83.08
58.35
77.59
75.52
87.24
91.28
98.92
106.05
65.32
46.34
98.24
76.36
82.54
68.64
55.19
79.01
105.63
110.46
111.31
66.41
66.7
81.53
86.9
73.23
104.19
72.22
77.1
102.91
96.79
73.85
74.96
74.85
61.24
95.43
45.94
78.02
85.59
100.03
72.71
87.59
117.63
72.64
110.82
75.92
33.23
87.81
78.07
79.06
72.25
69.7
86.81
59.41
85.52
35.49
94.0
105.76
99.57
107.15
54.53
97.05
60.6
28.33
40.61
53.65
59.26
55.66
74.57
35.67
64.4
11.57
55.49
19.33
56.41
60.67
61.26
17.0
62.66
97.37
68.65
38.32
67.0
76.19
64.94
94.42
10.42
31.17
41.4
30.14
101.65
84.23
62.96
96.16
106.49
70.09
70.92
52.28
27.69
3.03
10.15
39.9
58.67
64.79
62.88
45.25
89.61
79.89
68.13
90.16
71.27
87.59
98.88
59.02
40.82
83.15
87.33
68.29
82.09
89.89
99.75
80.4
29.8
85.7
74.08
78.34
71.22
61.82
99.61
79.63
78.16
68.52
82.11
60.48
78.84
53.74
45.89
105.0
72.27
90.81
90.85
80.22
60.83
52.25
94.54
111.65
49.79
56.32
75.31
84.13
81.69
86.31
88.71
66.75
72.18
42.49
58.43
44.78
67.59
61.36
24.24
88.49
60.55
66.91
84.15
84.57
33.7
68.6
83.0
62.01
62.62
45.63
98.37
41.79
72.28
73.47
71.16
71.63
58.72
100.69
76.68
89.35
78.58
46.7
46.23
32.76
74.97
50.15
48.78
92.29
56.44
43.64
45.09
89.99
67.3
71.02
77.95
81.66
33.1
64.79
70.26
58.62
67.81
55.5
60.49
63.55
63.67
79.59
82.44
80.71
56.87
76.49
35.29
57.73
76.59
63.98
91.94
72.32
45.54
102.0
79.54
74.49
105.24
91.66
43.48
48.02
58.12
77.03
43.81
66.61
43.61
30.58
73.95
46.47
84.49
43.3
72.52
77.96
52.88
80.83
76.76
60.6
55.12
90.17
48.22
90.41
87.85
83.2
96.64
71.76
79.56
63.5
97.29
83.54
98.86
76.65
87.26
74.78
99.17
20.29
92.88
82.66
81.22
63.04
83.91
81.17
42.09
83.55
92.64
96.06
27.94
51.94
68.06
63.84
29.57
108.36
65.91
88.26
103.71
55.78
25.26
63.83
58.13
74.11
97.4
55.61
32.44
89.75
100.2
79.32
58.63
73.05
93.26
99.14
78.52
98.66
43.24
89.33
65.49
54.66
84.03
58.64
51.54
44.55
60.01
85.68
71.56
50.98
22.04
67.19
71.63
49.9
64.42
72.02
58.6
49.41
83.27
54.53
32.37
73.36
73.45
47.94
101.25
44.1
22.55
71.63
33.77
63.4
51.04
72.01
64.89
87.63
17.78
63.58
66.11
83.4
64.16
95.82
97.32
91.72
73.65
61.39
52.68
80.66
81.43
59.98
37.68
56.32
62.0
97.41
72.06
45.02
69.18
95.26
61.96
86.18
76.83
89.18
51.42
64.81
103.72
72.43
67.98
57.03
63.64
84.0
58.93
37.81
42.0
50.95
45.84
62.92
87.56
64.85
105.14
58.52
58.46
33.16
79.39
78.64
92.49
76.08
70.47
97.56
53.42
81.99
48.99
79.19
70.38
62.59
84.22
55.54
38.41
63.33
59.4
64.94
41.26
66.89
66.17
75.84
63.13
87.94
49.84
69.6
80.57
57.06
78.04
66.53
54.31
64.4
18.14
47.97
46.99
83.82
57.02
17.72
42.39
50.28
71.62
49.94
46.65
74.43
25.05
54.98
58.36
72.48
55.27
58.79
58.48
82.59
40.75
53.49
48.93
50.59
18.19
36.77
81.11
49.17
74.43
67.03
67.61
92.66
115.51
100.92
108.13
70.88
58.18
100.82
80.9
80.12
80.79
102.88
88.41
75.16
43.3
81.63
69.75
98.48
100.64
76.6
98.3
50.9
30.17
81.43
58.81
84.73
102.83
93.72
87.17
83.42
70.03
105.29
38.95
85.14
64.01
97.06
77.21
101.19
72.7
94.99
99.98
76.94
98.58
71.69
99.46
76.82
86.45
44.05
74.68
49.11
62.01
80.43
51.65
74.22
85.41
65.18
73.93
92.13
78.31
84.06
86.17
55.97
55.61
39.92
91.09
68.97
103.46
53.05
110.04
69.57
79.39
105.13
93.51
70.73
78.93
90.47
91.92
74.02
51.07
58.82
68.6
100.25
80.17
83.88
38.58
61.89
56.35
62.12
91.12
48.99
48.84
66.95
66.13
80.16
86.16
91.08
63.13
68.18
90.66
91.14
59.34
79.16
73.61
73.61
63.68
81.83
87.97
34.13
87.17
33.5
68.38
67.48
90.39
91.63
89.85
38.87
66.71
80.88
42.14
64.41
51.82
54.62
71.8
65.9
14.01
82.81
67.41
87.39
57.77
89.37
70.11
46.09
57.46
53.24
50.73
74.27
88.86
69.5
54.56
44.97
70.3
83.39
52.24
27.58
79.71
64.52
74.37
65.33
49.91
70.44
95.02
97.42
88.62
90.91
68.17
84.37
69.28
48.26
32.91
59.32
63.91
77.99
78.97
92.24
85.77
42.13
96.72
98.0
55.9
94.84
53.89
84.26
47.83
90.69
94.6
55.57
61.58
82.84
73.26
68.92
67.97
101.47
101.34
64.64
95.69
69.17
42.29
88.58
75.72
79.91
94.92
77.32
98.96
88.1
57.91
54.67
78.02
84.22
51.59
59.67
97.23
74.98
51.32
62.84
82.19
79.86
70.1
79.35
94.57
97.73
55.25
77.32
56.91
85.47
73.79
82.23
79.72
79.34
52.19
63.38
60.58
70.41
64.16
7.44
76.25
29.41
45.05
73.02
69.46
89.49
92.05
95.64
76.49
68.02
85.32
62.57
62.12
49.31
86.5
66.98
49.82
77.67
76.77
84.26
83.11
94.12
94.11
67.04
94.79
47.07
73.29
38.98
86.89
83.37
49.23
58.14
34.15
65.48
53.8
55.63
59.25
97.91
66.86
41.46
53.5
54.22
65.33
47.76
65.24
36.95
50.9
49.81
73.95
57.25
58.95
53.69
71.08
60.36
74.24
32.82
37.84
65.01
64.86
51.68
62.19
79.68
79.9
61.99
49.52
55.46
34.43
87.74
90.0
71.26
64.3
89.54
67.07
69.11
80.69
30.16
56.42
69.0
78.63
64.84
55.75
75.99
79.35
66.75
74.14
70.26
52.57
78.59
41.14
