-96.14
-101.56
-132.97
-113.08
-466.58
-71.16
-27.76
-146.28
-202.41
-167.41
-75.66
-121.43
-149.79
-118.93
-121.29
-102.4
-153.63
-106.68
-95.78
-174.57
-69.04
-90.52
-33.14
-43.56
-65.48
-41.77
-53.21
-13.35
29.95
-125.72
-10.35
-12.18
50.34
35.56
36.28
29.14
12.59
58.12
0.05
49.36
40.91
-59.62
-4.98
25.61
60.64
36.91
120.91
111.34
101.95
85.82
65.53
-26.74
79.41
89.16
94.99
57.28
62.97
29.72
93.46
95.94
77.28
166.44
55.31
90.34
146.56
115.37
110.96
134.47
87.1
133.33
105.74
95.24
143.61
58.36
92.97
147.17
39.73
135.1
80.79
86.83
58.33
154.27
87.19
151.64
184.37
140.24
83.68
101.21
131.3
78.63
77.37
148.41
95.18
78.4
107.85
88.21
98.93
114.43
105.34
97.62
142.04
153.13
147.4
137.96
128.52
123.59
134.58
83.76
124.86
148.99
94.64
142.62
127.94
143.9
137.17
110.11
134.51
107.22
99.57
112.7
180.3
114.18
88.88
80.65
164.68
29.17
121.5
151.98
137.66
140.92
180.21
170.49
152.3
105.9
98.5
125.01
134.13
152.08
116.29
141.57
119.56
148.19
121.27
113.55
211.13
133.74
98.68
171.17
124.5
146.33
132.63
121.28
138.97
180.4
108.86
93.64
189.54
101.18
164.91
102.64
202.07
126.43
161.37
158.99
2.55
134.65
140.24
166.13
170.7
153.61
130.89
185.17
150.27
196.72
152.53
158.37
129.62
155.32
199.52
179.65
190.05
129.72
216.32
126.67
157.54
166.93
193.45
155.12
141.63
68.48
153.7
175.44
151.0
25.48
163.36
176.92
153.37
175.72
113.33
144.41
193.42
165.24
144.1
196.36
156.56
161.91
141.65
188.71
205.75
129.49
141.5
175.12
170.25
168.9
158.21
162.89
35.84
165.68
118.92
168.12
136.27
164.25
156.98
171.09
151.39
177.54
205.52
193.16
149.66
175.5
168.17
152.52
191.73
145.49
150.6
138.7
138.04
33.31
176.11
186.3
184.15
189.96
161.03
182.77
156.52
136.78
161.34
166.5
178.84
176.18
160.9
185.76
186.88
144.09
27.71
187.49
183.26
193.13
172.28
182.47
190.62
187.72
175.86
200.62
186.63
194.14
179.83
192.1
168.2
164.7
199.11
185.84
160.48
179.44
164.98
141.45
203.83
156.3
152.98
174.27
183.62
168.87
149.44
37.09
160.97
134.27
198.35
160.71
151.14
159.34
148.34
38.94
177.78
194.94
156.36
209.42
173.67
174.89
156.27
186.56
171.0
184.11
191.69
178.01
164.86
151.0
200.26
144.98
205.32
27.44
204.76
147.49
131.8
201.97
148.33
156.73
200.5
175.73
159.12
192.93
171.07
195.93
193.87
177.3
181.5
180.89
191.34
150.67
190.62
160.39
179.02
145.98
165.58
187.47
148.37
185.61
166.03
184.73
158.14
153.91
192.38
206.01
214.5
185.5
172.69
174.54
187.77
189.47
158.76
155.27
190.36
171.89
157.55
159.63
191.59
170.72
190.76
81.08
146.0
164.71
148.68
196.37
184.87
169.59
169.08
200.39
168.1
161.41
191.59
148.62
171.55
162.8
189.92
163.75
189.18
185.2
179.24
211.56
188.19
168.47
178.72
160.19
198.93
193.78
187.68
161.75
153.28
159.48
141.48
201.32
171.55
167.16
195.93
141.61
190.81
167.35
208.74
188.82
185.63
212.06
154.32
208.64
173.76
168.91
180.72
173.61
203.01
179.28
150.23
175.79
177.06
158.01
200.46
171.2
185.55
161.76
196.07
158.12
169.76
201.27
184.49
172.3
194.43
166.2
192.74
189.58
178.77
161.54
169.79
174.53
173.14
193.72
185.36
199.71
150.7
171.98
165.77
174.58
190.72
186.22
165.88
209.96
185.41
201.31
192.12
144.6
156.69
177.76
176.01
203.33
169.82
162.05
185.33
172.9
144.42
176.15
192.16
175.19
163.13
183.6
157.21
185.6
182.69
165.42
199.11
199.9
163.75
175.19
162.01
160.03
186.03
192.57
195.49
178.03
182.01
180.31
166.69
193.68
195.01
187.15
175.94
162.77
177.93
182.93
191.79
161.67
194.38
164.71
196.08
163.15
184.32
172.97
204.7
170.28
194.31
184.49
199.25
164.83
150.61
196.85
188.66
180.35
187.86
171.62
173.88
167.2
194.35
168.83
204.61
190.58
159.55
178.22
175.0
154.13
177.21
165.21
159.19
162.44
151.14
181.41
164.68
163.51
183.16
190.03
209.38
188.07
194.76
154.74
169.7
191.91
171.12
167.18
118.74
162.41
158.45
184.77
213.26
188.84
160.28
156.9
166.55
141.53
155.07
162.7
182.75
155.8
185.5
175.93
162.09
183.24
149.53
157.79
41.28
193.71
175.75
152.1
167.78
189.26
151.29
62.21
170.25
170.38
165.28
175.06
184.99
187.18
179.9
202.13
206.21
168.6
182.79
136.31
197.62
158.97
190.89
178.62
168.26
151.75
159.65
178.57
168.55
179.11
159.24
180.47
183.23
165.81
179.69
209.43
188.39
171.18
192.42
165.98
182.55
179.5
191.02
178.84
165.84
170.78
182.94
192.96
211.39
201.1
182.1
171.97
169.76
149.69
197.92
174.79
202.34
189.66
193.52
196.28
134.94
171.14
188.7
171.32
167.05
191.01
208.87
169.33
199.56
172.49
154.72
160.0
168.08
166.34
195.02
192.05
190.29
175.06
151.52
154.28
182.83
202.36
168.4
201.07
186.52
188.42
205.3
166.98
204.75
158.02
187.38
178.43
176.46
170.07
195.43
163.55
141.93
185.26
55.17
157.65
177.32
159.95
174.4
175.55
184.16
184.4
180.77
186.75
188.74
147.51
191.72
210.3
160.91
197.34
167.1
148.74
151.77
158.14
184.78
171.35
183.39
173.4
167.02
177.34
189.9
168.07
195.67
160.15
172.15
154.32
181.43
163.78
141.01
178.07
196.99
157.93
146.97
175.81
143.28
169.61
210.49
197.66
187.6
150.28
197.56
176.24
201.2
182.81
172.66
182.57
209.26
176.49
180.46
183.57
176.2
169.33
177.82
168.7
196.37
194.94
192.91
189.24
185.11
187.07
189.25
176.35
215.24
175.76
172.73
166.42
193.32
215.67
220.11
188.67
156.56
169.14
200.91
186.91
177.31
212.45
169.59
169.65
201.4
148.24
164.17
141.64
193.61
169.71
195.81
206.61
179.72
184.57
178.74
195.82
158.77
172.56
177.35
196.79
187.07
176.1
204.64
160.99
198.93
188.79
177.34
173.14
153.52
189.48
192.35
184.02
206.45
167.38
204.43
156.02
193.45
168.32
209.68
167.35
152.36
173.95
201.75
165.58
161.44
202.44
205.54
159.39
183.55
186.18
160.82
167.81
187.56
192.67
193.1
192.17
190.4
201.78
187.01
188.25
176.19
162.51
173.06
171.88
173.15
181.75
206.93
220.44
198.95
171.89
170.21
174.57
183.7
169.67
206.18
216.56
164.83
151.58
153.19
210.49
158.78
201.81
174.71
76.79
181.17
186.78
199.73
167.29
180.97
202.38
183.4
185.38
180.61
183.56
188.31
174.64
207.29
190.1
172.33
187.33
197.12
174.11
162.95
185.99
86.51
152.42
156.85
155.86
203.5
144.54
169.29
175.38
35.46
200.09
200.82
82.24
206.04
186.56
169.5
181.03
164.38
178.55
209.28
203.54
195.92
168.61
179.69
180.04
177.75
204.0
155.63
192.37
192.33
198.49
139.32
194.58
197.84
182.5
184.71
144.32
141.89
179.62
151.27
209.5
210.46
178.42
167.89
186.04
165.2
223.87
184.15
63.34
172.22
208.88
185.49
195.05
150.74
183.34
181.26
184.05
191.32
199.45
183.23
63.41
177.25
187.29
210.73
187.54
177.52
202.57
201.2
176.09
164.46
182.84
159.71
205.0
194.2
174.79
178.43
217.35
173.61
189.92
174.8
224.45
175.57
158.98
197.34
188.2
171.39
180.83
166.66
174.21
148.13
76.12
161.08
172.36
224.62
170.28
161.95
189.61
166.59
196.83
166.28
154.86
188.78
213.88
164.42
172.85
198.24
176.34
190.75
167.79
162.73
178.0
186.66
160.88
185.27
186.93
187.11
183.68
180.52
174.12
190.39
171.34
153.42
156.26
172.5
207.45
197.17
154.82
172.4
194.23
167.34
188.21
170.62
176.21
169.54
165.85
189.34
169.34
171.35
198.71
177.78
147.98
201.03
210.28
172.78
196.69
177.93
186.7
152.45
180.06
182.23
197.08
166.78
162.26
186.9
161.36
205.38
167.09
188.48
188.12
161.26
182.48
179.97
157.65
170.45
162.4
170.78
159.52
189.69
219.04
165.93
154.82
212.15
194.14
188.61
228.35
184.86
175.9
194.71
203.4
149.94
175.8
152.94
199.18
146.95
63.2
185.53
177.36
