-114.13
-622.73
-148.0
-300.87
-252.84
-203.51
-264.96
-179.18
-109.81
-4.33
-45.89
-4.83
-2.55
-36.19
-17.14
-15.52
134.11
17.37
85.71
48.27
36.06
-0.58
36.31
52.83
33.25
66.53
24.35
56.05
47.4
23.56
59.7
73.73
65.35
48.3
78.48
39.89
-0.91
12.2
24.94
37.94
25.37
-5.22
63.15
-12.56
-10.58
58.11
48.21
18.88
-23.81
38.99
-9.72
43.11
13.93
60.15
-0.03
49.22
0.5
11.15
20.82
3.72
4.6
13.82
28.36
10.73
43.05
28.18
13.7
25.99
-12.54
0.6
-7.18
-18.2
-28.27
9.85
-24.25
-11.94
28.13
-13.44
15.69
22.8
-6.56
-14.82
31.23
9.76
14.71
-3.35
4.65
4.64
0.82
-15.29
25.57
36.71
43.76
40.59
39.03
11.55
-9.84
4.55
40.99
24.42
30.01
39.73
52.32
-2.66
14.13
2.97
12.28
17.09
10.72
24.98
22.61
7.91
20.24
37.85
-26.83
48.44
58.38
31.69
-0.03
44.33
56.78
19.24
14.63
18.17
27.1
-4.54
36.75
-2.38
52.55
-21.64
4.66
-22.4
-9.01
-22.13
6.08
-2.35
-16.93
22.59
54.56
59.58
26.28
21.75
15.57
-11.81
8.8
22.22
-26.18
22.67
12.35
33.21
4.59
28.78
7.03
-30.76
46.78
54.09
54.53
25.5
47.61
34.03
84.53
31.38
70.21
19.24
54.39
5.79
31.62
32.62
15.6
54.96
14.83
59.19
22.46
21.91
11.9
16.94
-3.75
-4.37
21.31
-3.6
71.8
40.0
-25.39
3.46
40.92
11.99
12.55
8.45
44.65
3.45
55.79
27.4
-8.27
19.05
17.83
8.89
-27.26
18.52
42.1
4.19
64.45
46.51
-13.38
28.83
44.41
26.03
42.45
53.65
49.24
-19.02
-14.09
27.15
-18.1
0.36
22.48
46.51
14.46
24.72
60.12
32.04
34.55
19.48
19.31
4.1
47.3
17.33
33.88
10.5
55.36
56.34
-2.95
11.57
21.02
58.58
19.82
35.92
36.7
26.74
7.51
-5.05
11.16
-14.68
30.81
13.41
-5.79
1.44
32.72
24.52
6.2
-2.23
-8.81
-16.24
16.91
53.51
2.01
7.83
10.3
51.29
38.17
41.57
33.17
60.8
-0.76
26.6
7.66
-20.95
2.2
38.41
-22.47
41.93
23.29
11.63
18.01
38.87
20.34
-10.63
9.87
45.73
-2.83
45.99
-18.48
-8.41
15.95
9.71
-15.11
48.5
-16.39
-16.77
-8.16
13.71
-0.21
59.68
46.69
-6.85
-7.98
-2.62
9.36
42.55
-1.19
-24.92
46.95
2.86
-11.67
31.46
17.71
28.96
10.81
0.43
3.64
-5.21
-12.73
27.97
67.28
44.21
10.06
13.45
13.8
-15.15
5.68
15.12
36.99
35.9
-5.51
36.3
61.08
39.08
30.29
56.5
17.97
-9.05
19.57
49.0
11.2
7.21
38.98
-6.54
34.13
30.15
54.43
-0.51
14.26
45.64
43.99
10.36
38.81
23.58
5.76
25.94
18.32
27.13
-12.5
-3.53
-7.18
-18.03
24.38
41.57
56.5
27.0
1.86
6.5
12.16
6.99
14.97
65.94
-7.24
40.24
-1.89
55.59
62.06
25.55
38.79
32.74
4.52
22.14
7.33
13.29
-8.82
-12.5
47.9
77.09
44.92
49.68
-11.19
27.49
30.5
42.64
-10.17
83.78
-3.46
35.57
35.58
-5.31
42.91
57.87
14.83
30.09
25.66
31.76
4.58
5.53
-5.96
43.66
22.1
10.06
9.14
16.77
50.04
38.27
-18.49
23.96
-37.08
-0.72
48.07
3.74
16.25
3.71
17.1
47.3
-13.4
39.93
5.54
-7.74
-6.56
44.88
18.52
-9.01
52.46
-5.33
33.72
12.62
3.81
59.88
33.33
48.73
-5.03
34.26
29.86
26.38
58.2
-0.88
16.15
-17.41
1.6
-4.35
21.16
42.79
-1.59
29.85
-12.61
13.09
11.57
27.64
29.18
54.89
-13.8
-17.4
35.21
0.87
37.53
50.69
29.03
-18.01
21.09
20.81
2.96
35.48
54.68
31.99
39.52
21.04
-1.08
18.78
-1.48
15.8
-17.95
58.17
-15.08
-18.63
19.3
12.94
-0.94
24.78
-26.15
33.0
29.17
18.03
3.56
21.93
2.92
51.95
10.89
-14.7
23.62
20.06
2.91
49.25
32.64
3.1
-4.03
14.54
53.75
23.55
17.1
36.38
16.23
40.04
-18.2
14.13
14.01
55.69
36.45
52.34
44.6
7.72
48.33
21.27
8.5
42.68
18.95
58.42
18.0
35.91
-4.51
40.59
-7.61
30.83
40.89
32.4
-11.01
23.78
18.31
32.94
-11.85
31.85
47.76
27.78
7.07
18.88
39.63
17.17
13.28
31.72
32.89
47.38
38.42
49.28
29.13
9.81
-11.74
38.08
46.68
25.56
-18.71
36.17
51.65
72.41
37.41
22.96
25.42
27.31
9.49
42.93
22.75
-2.73
58.7
-2.61
33.79
8.92
39.65
23.9
-25.1
18.91
43.98
-3.68
26.06
27.69
-15.42
27.04
26.82
83.28
11.79
17.53
-18.74
59.69
41.41
-7.09
-0.06
51.4
31.28
4.01
67.7
39.9
70.5
13.85
24.29
43.23
2.61
-13.64
79.83
41.64
13.12
85.51
10.42
10.42
50.29
41.72
48.17
84.52
54.11
19.08
5.74
12.93
19.79
23.68
29.66
2.76
20.84
35.71
49.03
-25.16
43.05
50.01
53.24
54.78
35.51
29.01
17.23
-14.74
12.93
61.93
-0.18
20.87
25.7
57.14
63.47
59.67
11.78
18.58
23.26
19.64
-26.59
-5.99
35.49
32.92
39.3
-6.27
-4.89
-12.99
9.66
8.2
28.24
1.72
37.83
16.56
37.86
37.93
16.95
84.16
-14.39
-6.6
29.7
68.37
20.1
17.25
30.97
48.06
39.42
2.07
24.03
21.55
-6.08
71.55
-5.65
-15.48
-5.44
11.39
45.65
56.41
14.72
2.19
50.12
20.02
55.32
-7.85
11.3
28.74
-12.61
53.99
35.25
4.94
29.2
52.93
7.08
17.03
10.41
26.59
-18.69
62.84
-19.62
18.41
44.06
24.97
62.94
36.91
12.36
27.09
-1.21
14.98
33.08
27.04
32.48
53.04
3.96
52.78
-2.56
-23.74
5.02
4.2
32.9
47.32
29.77
7.04
46.51
28.54
29.81
57.4
4.26
24.42
38.41
-19.09
66.3
47.46
39.12
18.75
9.55
64.88
19.35
22.52
-0.99
67.43
20.45
3.79
21.93
35.63
30.59
10.87
25.1
7.32
-18.4
-19.74
43.48
60.4
-5.51
-27.77
32.54
17.5
29.47
44.68
3.91
35.56
-5.14
1.71
5.94
-2.93
13.45
28.05
3.45
6.65
24.94
8.58
68.38
48.19
-2.77
41.25
50.93
47.36
34.76
-19.81
-7.54
42.13
-1.37
9.35
5.45
-6.62
59.67
40.01
30.29
25.3
38.33
-1.09
14.48
-7.75
35.2
29.91
30.5
39.27
23.85
51.19
-13.49
-13.76
-4.41
-11.0
33.4
-8.15
7.03
3.41
52.53
-4.24
38.83
36.48
12.15
29.83
52.08
0.82
22.82
6.41
34.77
-20.46
7.72
43.52
-22.48
25.43
17.68
16.17
19.83
-3.44
48.24
57.1
35.01
-5.88
16.98
38.56
-1.76
75.9
23.63
9.24
28.92
27.71
33.68
0.76
-8.06
-1.53
23.89
7.14
58.6
-5.34
-4.41
18.55
14.66
-10.74
13.25
67.92
26.76
0.73
20.68
24.39
43.39
-17.22
11.59
51.86
-3.75
-17.53
63.09
47.06
-15.85
50.9
37.07
14.02
43.53
-0.83
1.27
25.96
1.85
37.6
-9.59
49.71
31.48
29.36
58.6
35.7
44.94
53.17
37.99
30.8
50.83
-1.11
16.04
-4.62
12.83
0.73
36.99
-11.59
57.55
28.72
56.61
7.1
9.91
40.53
51.8
15.8
55.75
34.98
38.1
44.96
-12.04
23.92
-12.18
26.29
14.63
55.57
36.81
8.71
34.35
46.15
32.9
43.06
90.47
47.71
36.01
36.41
44.67
40.06
23.49
31.17
17.01
-0.35
0.5
22.95
60.99
77.12
39.35
26.84
59.55
13.07
30.4
14.96
46.35
12.35
40.62
23.59
4.82
42.65
27.84
66.74
49.52
33.78
35.68
35.85
15.02
-1.24
9.97
18.97
25.37
31.68
-20.92
42.92
4.34
26.27
7.92
19.96
10.98
36.2
9.89
4.28
65.35
16.8
57.08
15.7
69.76
69.55
59.81
6.02
56.77
31.76
46.41
25.2
24.06
