-1079.79
-1032.5
-785.66
-642.82
-938.77
-812.5
-516.99
-700.05
-501.22
-508.71
-719.18
-716.25
-625.06
-494.04
-384.15
-125.29
-395.59
-128.96
-124.51
-514.78
-258.81
-0.88
-737.88
-266.82
-689.76
-124.19
-663.72
-131.24
-260.77
-520.84
-253.99
-396.0
-260.55
-263.8
-131.65
-265.98
-124.45
-132.65
-380.03
-255.33
-411.48
-131.88
-1.82
-355.08
-272.21
-0.53
-130.07
-254.77
-389.12
-0.41
-128.83
-127.38
-275.28
-250.93
-130.3
-0.99
-244.53
-259.26
-133.87
-245.79
-280.91
-433.02
-133.77
-0.56
-280.09
-1.53
-138.62
-133.04
-1.74
-310.89
-3.47
-130.02
-522.31
-133.23
-542.44
-513.65
-126.33
-263.18
-276.69
-135.49
-263.24
-383.45
-128.64
-527.21
-0.62
-576.84
-1.37
-343.48
-375.35
-267.38
-460.06
-277.08
-394.36
-268.23
-0.97
-263.34
-1.83
-133.2
-134.81
-272.85
-131.5
-135.67
-131.88
-288.77
-278.62
-135.4
-1.69
-274.53
-253.18
-133.67
-1.59
-258.34
-0.41
-389.96
-127.27
-127.74
-134.84
-132.46
-255.63
-137.48
-132.03
-0.54
-130.95
-268.15
-130.47
-278.04
-446.52
-134.23
-261.69
-134.42
-277.57
-130.34
-133.01
-384.61
-402.39
-265.14
-136.66
-263.96
-132.03
-131.52
-269.1
-287.22
-132.73
-359.37
-131.66
-1.29
-138.08
-134.43
-136.74
-128.23
-1.61
-129.56
-249.5
-131.61
-132.59
-1.89
-283.47
-271.46
-136.07
-131.52
-133.15
-381.13
-1.01
-261.06
-131.53
-394.03
-245.01
-120.98
-130.52
-129.32
-129.23
-132.41
-126.69
-390.54
-127.26
-0.66
-133.37
-249.23
-137.49
-133.89
-0.63
-253.76
-243.01
-132.72
-134.02
-951.59
-0.31
-132.6
-266.57
-135.87
-128.67
-242.74
-2.55
-257.32
-1.46
-1.39
-257.32
-126.98
-131.81
-373.17
-238.65
-1.13
-129.34
-337.35
-135.32
-378.95
-133.24
-382.75
-130.04
-127.46
-256.37
-131.79
-358.13
-131.48
-132.04
-131.28
-0.56
-132.68
-130.63
-130.51
-130.46
-129.05
-243.32
-130.88
-130.04
-271.2
-274.28
-129.75
-549.39
-1.32
-0.45
-0.69
-273.47
-137.9
-302.53
-126.27
-253.51
-0.55
-128.75
-276.46
-125.57
-299.59
-924.79
-600.49
-827.04
-630.02
-588.84
-623.55
-1.25
-605.93
-759.89
-128.79
-1.27
-715.58
-131.62
-956.34
-131.84
-620.78
-504.62
-897.08
-933.6
-613.13
-596.1
-863.04
-462.64
-950.33
-616.16
-666.73
-602.64
-0.81
-931.73
-637.97
-851.24
-131.02
-734.64
-624.7
-598.57
-618.08
-654.47
-603.85
-0.47
-131.54
-994.26
-869.28
-826.22
-722.58
-0.81
-124.75
-128.6
-608.51
-126.51
-124.75
-869.07
-658.58
-891.55
-584.88
-517.02
-127.53
-0.66
-595.73
-948.89
-578.43
-127.74
-0.88
-515.28
-127.12
-951.67
-481.18
-889.3
-957.33
-702.89
-724.65
-128.65
-0.62
-850.59
-752.78
-656.62
-953.25
-722.18
-919.94
-801.67
-494.47
-299.44
-799.69
-942.14
-747.53
-9.37
-135.05
-498.67
-129.12
-922.43
-864.55
-398.13
-135.3
-465.77
-15.4
-580.46
-502.0
-697.64
-874.81
-738.71
-957.44
-252.44
-915.6
-948.3
-952.41
-128.03
-130.93
-953.67
-134.66
-991.64
-556.78
-950.28
-904.56
-1.6
-2.68
-246.13
-755.37
-762.49
-9.44
-615.0
-6.08
-6.94
-966.43
-756.46
-257.47
-636.72
-134.23
-130.12
-128.92
-130.01
-745.9
-128.71
-978.57
-121.99
-757.65
-533.02
-133.29
-773.92
-633.49
-902.83
-1.87
-127.24
-962.9
-961.82
-127.9
-252.29
-838.65
-513.58
-861.93
-917.83
-3.14
-131.04
-914.15
-260.11
-132.08
-134.91
-131.84
-128.8
-985.99
-1.79
-132.17
-957.38
-1.44
-133.12
-2.17
-1.56
-968.44
-2.11
-129.61
-131.82
-884.1
-1.53
-1.46
-119.25
-945.82
-524.96
-261.32
-967.22
-752.99
-2.12
-132.9
-962.78
-253.99
-960.31
-3.21
-645.62
-261.24
-125.7
-773.76
-2.5
-637.12
-130.02
-761.15
-2.6
-775.78
-851.22
-522.74
-129.59
-126.62
-903.35
-2.35
-2.19
-133.56
-790.73
-950.63
-981.4
-134.84
-0.87
-891.4
-404.74
-981.96
-128.8
-128.41
-979.18
-1.53
-543.86
-396.53
-617.05
-448.86
-541.24
-611.31
-544.66
-572.22
-513.88
-757.26
-645.94
-961.82
-526.02
-535.01
-487.12
-532.58
-955.72
-621.91
-530.75
-675.05
-567.6
-543.5
-534.96
-632.15
-421.98
-527.44
-531.79
-523.02
-498.86
-5.09
-531.13
-512.62
-541.66
-666.69
-957.09
-715.64
-403.68
-513.65
-286.52
-282.83
-548.82
-527.07
-399.24
-2.62
-287.63
-6.38
-397.06
-4.13
-3.09
-401.3
-398.23
-271.0
-664.2
-135.26
-399.22
-133.71
-270.31
-532.22
-952.91
-0.34
-447.61
-401.47
-294.66
-479.13
-322.88
-131.77
-269.31
-130.98
-391.74
-394.43
-0.64
-322.19
-266.34
-268.24
-308.44
-405.28
-130.15
-386.3
-281.34
-389.77
-275.53
-264.77
-265.58
-268.75
-131.83
-487.51
-404.02
-267.09
-123.92
-2.11
-395.79
-265.75
-397.24
-133.07
-3.13
-285.63
-269.36
-267.65
-137.96
-419.31
-133.48
-537.51
-137.42
-656.68
-966.7
-603.07
-265.03
-519.94
-965.05
-135.49
-134.09
-962.11
-133.72
-410.25
-259.65
-256.42
-121.08
-259.26
-973.38
-263.08
-978.32
-128.65
-953.46
-673.62
-1.41
-266.17
-123.52
-948.97
-419.86
-2.06
-272.57
-954.64
-0.53
-262.31
-382.96
-968.31
-414.14
-274.9
-855.19
-129.68
-1.25
-412.62
-720.87
-1.46
-269.48
-124.47
-714.85
-329.43
-130.58
-286.11
-281.82
-132.03
-132.91
-133.23
-132.81
-267.65
-266.33
-132.4
-380.85
-271.98
-1.17
-131.96
-263.58
-267.27
-400.04
-130.38
-131.4
-548.62
-267.04
-264.09
-460.8
-267.87
-0.53
-399.18
-263.33
-382.33
-263.56
-518.82
-465.5
-265.52
-265.36
-264.78
-516.37
-330.13
-511.0
-380.94
-275.47
-404.65
-927.58
-130.38
-513.29
-131.19
-134.71
-132.42
-134.35
-1.39
-289.16
-400.72
-949.81
-129.64
-135.23
-284.32
-267.07
-134.39
-130.4
-132.59
-132.81
-133.63
-400.47
-288.88
-131.1
-272.21
-261.28
-950.25
-1.27
-274.51
-248.31
-133.53
-137.38
-268.45
-132.75
-271.97
-276.81
-392.5
-130.27
-122.33
-305.84
-394.38
-136.26
-123.86
-129.11
-254.76
-129.18
-134.16
-127.63
-272.88
-135.17
-0.6
-134.04
-129.12
-130.13
-300.08
-0.98
-131.5
-129.42
-127.39
-0.47
-317.89
-0.6
-140.59
-279.41
-1.37
-129.34
-132.66
-0.46
-133.12
-132.18
-128.05
-3.33
-266.19
-367.65
-134.77
-0.69
-309.87
-247.55
-132.28
-130.75
-270.54
-261.29
-127.67
-288.49
-265.3
-408.53
-385.79
-136.39
-259.97
-132.47
-134.17
-135.74
-129.42
-138.44
-2.71
-952.3
-132.54
-949.29
-976.47
-1.15
-242.51
-0.41
-134.67
-129.96
-131.41
-130.55
-378.25
-0.47
-267.49
-266.63
-271.06
-266.49
-263.48
-129.52
-0.71
-964.75
-1.34
-272.38
-960.59
-129.97
-382.84
-268.18
-262.06
-122.51
-962.22
-388.81
-129.36
-266.84
-381.51
-268.5
-127.35
-0.38
-129.88
-0.45
-379.88
-980.4
-130.49
-135.04
-0.47
-132.32
-267.53
-391.16
-948.98
-136.69
-131.16
-130.45
-2.66
-136.02
-137.97
-129.36
-132.05
-413.13
-134.14
-326.54
-245.27
-132.35
-131.72
-252.57
-131.28
-390.65
-131.15
-132.86
-413.81
-435.26
-269.72
-428.91
-264.87
-388.9
-269.16
-0.44
-262.05
-391.2
-131.77
-130.14
-131.87
-134.42
-263.59
-135.47
-266.06
-954.19
-285.72
-385.91
-132.87
-271.35
-383.78
-129.58
-132.29
-289.56
-129.74
-283.49
-132.39
-953.22
-279.13
-264.59
-133.12
-277.9
-952.35
-252.58
-132.17
-276.55
-953.95
-277.94
-132.06
-131.62
-134.46
-952.13
-135.62
-272.74
-131.63
-130.26
-296.18
-959.9
-130.48
-131.65
-125.82
-129.86
-399.72
-1.81
-130.23
-130.72
-130.31
-275.63
-136.89
-129.37
-269.22
-265.26
-242.05
-953.62
-133.1
-309.0
-0.88
-392.02
-0.46
-126.25
-896.58
-1022.52
-842.66
-130.51
-1.12
-276.98
-243.16
-548.6
-398.46
-955.32
-388.07
-264.53
-267.02
-474.72
-260.93
-544.14
-395.84
-259.4
-393.78
-399.14
-953.09
-392.53
-394.43
-224.79
-408.23
-462.74
-448.91
-394.59
-263.64
-401.68
-339.26
-423.99
-266.15
-269.53
-275.31
-399.13
-267.51
-269.21
-270.98
-140.89
-385.35
-142.58
-288.84
-138.05
-274.77
-143.94
-141.36
-12.7
-140.0
-138.55
-139.58
-259.51
-139.09
-403.43
-266.32
-137.1
-475.72
-406.07
-136.04
-270.63
-136.29
-279.97
-140.29
-138.4
-139.81
-270.74
-7.41
-135.89
-953.1
-954.94
-133.65
-135.53
-276.55
-137.44
-363.3
-134.98
-6.64
-289.78
-244.06
-142.93
-135.64
-261.6
-129.45
-133.67
-135.76
-273.46
-133.16
-381.93
-410.74
-132.45
-133.55
-268.03
-243.87
-128.68
-259.19
-396.53
-262.06
-135.88
-129.0
-757.38
-257.83
-136.03
-728.98
-1.9
-272.87
-298.07
-247.33
-132.88
-257.39
-132.66
-247.0
-277.63
-1.26
-253.45
-130.75
-134.06
-2.83
-130.73
-274.55
-133.9
-3.1
-309.56
-135.33
-268.79
-266.51
-134.38
-133.65
-135.42
-133.06
-953.93
-254.89
-273.53
-250.83
-131.31
-135.62
-132.88
-131.44
-406.68
-367.39
-2.11
-1.32
-1.36
-3.07
-270.29
-131.68
-345.31
-133.6
-1.61
-133.91
-262.2
-284.1
-430.54
-1.41
-254.53
-279.79
-2.56
-132.36
-355.93
-137.94
-1.84
-129.11
-135.28
-133.4
-130.14
-133.33
-129.16
-134.86
-131.57
-136.58
-133.36
-131.83
-243.13
-270.83
-299.27
-131.19
-1.17
-132.41
-131.25
-385.03
-246.71
-265.91
-285.21
-135.77
-277.03
-133.17
-263.89
-134.1
-131.81
-138.42
-311.96
-130.02
-134.89
-129.39
-137.88
-2.55
-314.55
-269.54
-131.75
-266.35
-128.65
-0.81
-129.85
-388.03
-130.71
-1.02
-136.37
-129.15
-134.08
-134.53
-137.94
-131.16
-389.04
-129.92
-131.37
-0.7
-264.48
-128.33
-135.45
-127.04
-128.72
-130.96
-261.1
-130.15
-955.79
-243.9
-0.91
-429.03
-0.66
-333.41
-129.31
-276.44
-244.89
-275.72
-134.22
-130.89
-137.39
-133.51
-130.53
-131.75
-250.52
-416.02
-283.1
-377.67
-131.18
-523.34
-407.25
-525.46
-243.52
-137.08
-135.06
-269.38
-2.2
-135.09
-265.41
-262.37
-264.95
-264.37
-296.78
-132.13
-133.59
-713.76
-818.52
-735.97
-133.89
-717.96
-755.04
-996.87
-908.69
-950.51
-567.01
-745.99
-735.06
-688.22
-935.33
-852.0
-956.25
-717.51
-950.01
-133.15
-928.57
-860.55
-952.59
-132.28
-130.31
-133.18
-135.33
-814.26
-557.32
-920.13
-807.87
-2.4
-1.79
-3.34
-948.4
-767.13
-697.83
-802.53
-665.76
-841.87
-0.47
-623.2
-872.29
-1.07
-138.47
-776.04
-582.93
-139.44
-2.45
-136.01
-0.68
-135.17
-597.64
-136.3
-597.38
-570.47
-0.48
-138.73
-278.49
-271.21
-572.0
-270.17
-134.84
-288.72
-137.05
-270.93
-281.91
-267.63
-3.64
-291.45
-276.71
-700.68
-414.85
-3.78
-134.04
-322.18
-445.17
-278.78
-135.27
-412.25
-2.22
-266.53
-136.53
-960.22
-960.33
-952.13
-392.4
-133.31
-135.19
-271.42
-132.91
-1.68
-131.64
-960.49
-432.88
-133.07
-1.78
-1.83
-402.93
-953.62
-407.12
-961.33
-287.51
-130.87
-956.48
-142.38
-0.79
-276.69
-133.37
-434.58
-131.55
-462.84
-130.5
-130.88
-1.37
-494.98
-135.34
-130.75
-1.08
-265.28
-304.72
-273.1
-276.67
-130.76
-1.44
-132.33
-279.3
-266.83
-409.65
-392.42
-133.61
-281.39
-277.71
-952.84
-0.98
-391.7
-281.81
-133.6
-0.88
-0.44
-136.06
-290.71
-555.0
-0.89
-408.96
-407.04
-2.09
-268.23
-268.83
-1.5
-953.68
-268.98
-551.19
-398.18
-275.56
-134.4
-131.06
-301.06
-2.16
-131.95
-0.39
-132.08
-955.24
-270.21
-268.88
-0.97
-649.51
-957.54
-273.78
-135.02
-952.58
-777.2
-277.56
-678.93
-1.51
-729.92
-573.49
-687.16
-698.39
-524.35
-133.99
-540.63
-1.97
-271.64
-518.49
-280.27
-276.26
-377.0
-133.14
-133.85
-281.24
-444.3
-3.58
-606.96
-583.33
-585.34
-953.79
-958.55
-547.66
-672.36
-3.47
-3.34
-954.08
-717.44
-958.65
-599.62
-4.55
-3.63
-3.9
-688.52
-698.66
-776.02
-697.06
-692.42
-686.16
-700.62
-745.28
-680.75
-600.54
-748.97
-963.39
-679.98
-694.46
-5.77
-4.68
-801.4
-955.79
-680.46
-641.76
-682.5
-710.14
-723.45
-758.03
-671.13
-4.71
-868.9
-5.91
-831.24
-697.98
-684.14
-673.77
-764.52
-750.78
-776.74
-953.97
-788.61
-700.77
-735.99
-753.2
-787.85
-964.84
-963.82
-745.9
-736.86
-5.06
-722.58
-953.68
-779.05
-631.82
-674.7
-807.11
-761.08
-1.08
-136.15
-595.62
-0.91
-3.11
-3.35
-981.34
-690.14
-748.91
-749.23
-960.72
-670.77
-948.17
-766.57
-133.42
-136.01
-791.7
-934.03
-811.54
-132.21
-784.49
-135.64
-857.41
-960.81
-967.82
-801.37
-678.28
-130.57
-835.79
-960.23
-129.11
-2.46
-135.42
-2.73
-689.1
-838.51
-269.74
-834.65
-2.92
-901.5
-2.78
-784.53
-133.29
-756.16
-271.48
-2.93
-547.05
-3.46
-134.09
-4.46
-807.59
-269.31
-266.43
-958.86
-529.64
-582.55
-269.32
-267.28
-7.8
-133.14
-3.97
-308.49
-4.35
-4.1
-291.9
-266.26
-287.75
-277.46
-959.17
-268.9
-480.99
-952.48
-848.1
-3.96
-130.44
-683.86
-658.09
-714.33
-955.91
-783.04
-701.92
-952.85
-681.99
-644.63
-702.05
-2.59
-2.56
-754.98
-3.35
-625.38
-688.94
-541.1
-541.57
-272.83
-268.05
-632.28
-263.95
-569.78
-531.23
-1.82
-829.26
-134.35
-959.35
-903.57
-943.96
-902.32
-736.2
-294.2
-967.9
-669.11
-914.66
-1011.9
-844.51
-959.68
-775.05
-710.65
-826.49
-795.46
-764.1
-741.28
-976.81
-823.34
-988.23
-848.35
-840.29
-851.22
-837.42
-913.01
-830.31
-956.6
-961.14
-896.32
-869.59
-969.19
-131.34
-3.94
-891.21
-800.89
-1.3
-997.04
-275.81
-132.71
-842.38
-714.12
-951.55
-854.59
-999.29
-842.8
-997.62
-752.5
-745.91
-839.53
-939.94
-867.51
-700.4
-939.29
-582.09
-971.06
-682.9
-928.35
-876.25
-742.5
-741.84
-955.71
-777.59
-605.8
-957.42
-966.44
-955.9
-129.86
-685.47
-952.69
-1.64
-969.65
-999.02
-1006.16
-951.73
-945.42
-754.18
-887.6
-261.92
-692.53
-906.21
-1008.0
-133.14
-909.46
-129.57
-984.86
-891.57
-0.88
-132.74
-1.07
-954.85
-574.76
-131.0
-975.12
-121.95
-680.19
-821.61
-0.84
-830.16
-957.15
-999.54
-747.71
-979.27
-799.1
-987.09
-804.43
-791.17
-1008.17
-950.83
-135.63
-754.39
-1001.13
