-1090.69
-1791.13
-1276.19
-1077.17
-911.66
-1690.28
-971.3
-1149.12
-1810.61
-982.18
-1060.39
-1280.26
-1054.35
-1379.26
-1202.36
-1007.9
-1111.57
-996.43
-1039.77
-1134.33
-1640.38
-1086.73
-1088.84
-1122.28
-936.06
-985.64
-1166.8
-1063.23
-1071.41
-1167.02
-1030.7
-1412.23
-870.25
-1268.98
-1052.03
-1468.69
-1604.55
-1122.38
-1285.37
-1377.3
-1051.12
-1563.63
-1404.43
-1164.62
-1170.21
-955.82
-1513.68
-1071.26
-1463.84
-1521.68
-1280.88
-1114.4
-1057.72
-1052.89
-1075.1
-1039.66
-963.39
-1027.22
-979.73
-1055.75
-1092.67
-1063.61
-1064.81
-1191.97
-906.83
-1040.02
-1105.38
-1192.45
-1071.88
-1010.75
-1395.51
-914.62
-980.44
-995.21
-1299.35
-902.44
-1223.28
-877.15
-1091.19
-1179.35
-820.34
-1526.53
-1015.63
-1332.84
-1278.42
-919.85
-1299.43
-1271.53
-904.42
-1277.67
-1067.5
-1021.53
-1340.26
-1334.79
-1175.02
-1191.35
-953.82
-1391.57
-1174.52
-1047.23
-950.61
-1107.84
-1318.29
-1074.05
-1342.04
-907.84
-1019.3
-1331.75
-986.09
-1124.11
-1020.0
-1054.0
-1383.54
-1103.95
-894.22
-1007.39
-1152.32
-849.14
-982.36
-1111.37
-1311.01
-968.38
-785.69
-1024.13
-1279.91
-893.08
-868.19
-886.07
-1078.72
-919.79
-1217.76
-850.36
-971.68
-786.02
-901.11
-1216.07
-736.07
-869.32
-871.99
-987.69
-900.36
-1087.18
-1009.03
-987.33
-945.14
-935.12
-929.72
-1509.19
-1022.64
-987.94
-953.38
-1124.88
-1080.11
-1221.21
-1053.1
-1323.27
-1047.08
-1157.09
-902.68
-974.29
-1004.03
-1051.78
-1142.64
-1001.14
-1096.92
-978.02
-1033.69
-1128.76
-1139.06
-1024.28
-897.87
-1047.5
-1042.17
-1378.49
-755.14
-759.29
-999.52
-837.09
-952.93
-977.29
-1068.44
-985.33
-940.47
-898.45
-1008.4
-1200.66
-998.53
-989.86
-801.39
-863.04
-752.7
-864.41
-1133.48
-904.69
-893.05
-953.72
-896.22
-870.79
-956.93
-1100.7
-758.71
-854.06
-765.15
-750.03
-629.07
-752.1
-749.58
-832.12
-754.58
-976.8
-797.24
-1050.02
-992.31
-760.95
-890.14
-1259.58
-881.76
-863.7
-1097.53
-773.06
-961.0
-874.81
-932.77
-962.51
-861.91
-757.2
-868.63
-633.79
-1146.33
-1196.21
-983.19
-873.62
-741.64
-992.26
-1076.06
-854.72
-734.66
-987.68
-736.25
-749.83
-741.86
-767.38
-859.28
-1063.24
-1106.8
-1086.52
-872.38
-705.46
-1056.65
-776.63
-875.95
-782.81
-974.27
-942.51
-867.46
-749.63
-778.07
-759.62
-937.91
-755.18
-978.31
-1064.06
-1127.5
-862.39
-988.95
-630.03
-956.07
-970.75
-841.61
-1089.67
-811.22
-873.14
-757.12
-865.99
-755.63
-760.83
-981.0
-881.59
-988.4
-745.11
-985.57
-869.34
-785.46
-754.77
-908.14
-755.5
-859.99
-850.91
-868.01
-919.52
-870.25
-861.75
-634.17
-851.69
-854.12
-748.48
-871.09
-747.97
-850.86
-892.41
-996.1
-877.78
-879.76
-1030.25
-643.1
-1066.02
-1043.48
-887.67
-967.91
-864.04
-748.27
-828.37
-743.67
-748.77
-991.88
-893.53
-849.48
-636.69
-842.97
-710.75
-736.4
-762.92
-956.36
-761.23
-728.3
-866.63
-646.56
-804.4
-734.87
-811.29
-866.46
-877.63
-650.05
-620.24
-515.06
-960.95
-766.95
-758.79
-866.65
-908.81
-629.92
-758.58
-899.53
-877.12
-735.56
-756.39
-749.76
-639.61
-632.62
-775.17
-858.06
-712.06
-748.26
-1016.59
-778.12
-744.48
-725.96
-636.2
-755.06
-750.71
-743.28
-859.36
-743.62
-742.35
-741.4
-753.87
-851.51
-637.09
-795.53
-910.54
-761.44
-754.02
-737.29
-864.97
-750.43
-754.9
-891.27
-744.11
-741.78
-498.83
-797.61
-636.2
-635.67
-744.57
-680.75
-635.84
-897.9
-888.95
-733.88
-741.96
-767.23
-807.15
-725.72
-918.01
-908.01
-747.33
-617.23
-507.62
-848.12
-736.07
-509.13
-737.52
-734.57
-622.88
-635.66
-632.84
-529.95
-513.28
-512.72
-637.35
-622.9
-629.17
-636.5
-834.73
-744.25
-904.64
-809.93
-635.03
-531.18
-522.16
-742.52
-501.16
-641.19
-633.42
-860.24
-617.15
-529.65
-509.98
-642.33
-652.5
-694.37
-671.07
-608.61
-651.66
-654.85
-507.8
-516.72
-610.05
-618.76
-636.37
-524.14
-631.07
-704.14
-646.07
-621.01
-641.1
-863.62
-640.03
-602.64
-635.78
-632.88
-772.97
-636.46
-546.89
-730.9
-557.11
-743.55
-634.76
-359.63
-427.02
-644.0
-509.37
-706.5
-629.75
-380.54
-380.35
-380.78
-380.67
-499.62
-604.91
-488.04
-462.5
-497.86
-385.33
-385.68
-504.02
-509.54
-363.35
-391.41
-260.25
-640.74
-265.6
-250.45
-246.44
-259.61
-135.26
-260.82
-241.44
-131.22
-127.34
-131.05
-1.8
-257.33
-258.74
-621.17
-129.58
-347.0
-407.74
-118.92
-251.72
-120.4
-129.53
-309.52
-124.9
-124.98
-129.25
-12.24
-131.13
-244.44
-253.62
-246.39
-118.79
-520.62
-121.71
-129.3
-247.87
-239.63
-2.01
-356.79
-1.64
-407.95
-244.67
-254.19
-339.52
-350.35
-130.6
-605.89
-246.1
-381.17
-242.45
-1.88
-245.47
-124.65
-130.34
-0.9
-128.86
-244.13
-131.69
-3.01
-124.93
-120.16
-129.23
-1.35
-512.51
-122.64
-243.39
-126.71
-1.49
-126.03
-132.58
-409.81
-1.42
-129.16
-242.69
-365.84
-126.21
-124.37
-121.69
-2.69
-126.56
-4.09
-1.5
-238.55
-134.16
-471.22
-132.2
-123.99
-234.69
-250.62
-354.5
-1.11
-246.46
-131.33
-128.78
-127.98
-344.29
-1.77
-243.27
-242.19
-123.65
-246.83
-1.77
-125.44
-136.67
-130.82
-124.73
-246.73
-127.21
-235.34
-128.36
-242.82
-125.29
-253.05
-128.84
-129.09
-245.18
-393.57
-129.09
-118.44
-247.87
-3.38
-368.39
-116.07
-126.78
-249.14
-132.64
-132.03
-371.64
-454.9
-132.87
-131.8
-232.56
-4.62
-240.68
-361.38
-243.89
-460.43
-235.98
-242.78
-122.1
-127.05
-133.61
-126.39
-297.55
-128.64
-133.91
-6.02
-251.8
-117.46
-131.27
-247.81
-3.52
-344.93
-130.4
-246.84
-249.94
-126.29
-252.03
-124.41
-127.19
-1.86
-130.59
-233.72
-119.67
-238.48
-130.5
-323.97
-644.48
-253.57
-130.69
-124.62
-708.64
-126.09
-122.75
-235.69
-522.87
-569.26
-363.62
-121.69
-261.28
-379.82
-326.64
-130.99
-123.88
-122.39
-241.88
-130.61
-244.57
-128.54
-126.86
-128.39
-0.97
-125.57
-126.49
-119.62
-255.89
-1.34
-119.48
-130.81
-342.99
-122.85
-116.77
-124.52
-247.91
-120.86
-356.3
-359.57
-124.88
-124.35
-1.19
-243.2
-128.75
-128.27
-132.04
-125.1
-124.36
-124.44
-2.02
-118.23
-123.28
-249.67
-251.42
-124.48
-1.36
-345.64
-245.42
-131.3
-132.56
-124.85
-3.03
-1.63
-240.09
-379.16
-248.86
-125.58
-127.62
-245.84
-346.66
-127.86
-122.12
-247.41
-126.28
-497.95
-409.39
-256.12
-344.88
-122.52
-129.03
-126.69
-123.75
-238.86
-123.89
-125.95
-129.76
-123.3
-131.33
-131.16
-380.25
-125.09
-131.23
-118.0
-373.84
-379.86
-353.01
-126.85
-232.58
-253.52
-1.84
-125.81
-128.77
-489.26
-116.7
-124.92
-118.57
-380.73
-129.74
-248.8
-129.35
-245.16
-122.43
-127.38
-241.39
-0.77
-230.46
-387.5
-115.06
-337.57
-133.44
-247.42
-232.12
-117.73
-366.76
-252.85
-129.88
-251.05
-2.52
-360.9
-3.74
-128.37
-374.26
-2.32
-128.96
-370.65
-377.52
-243.37
-1.4
-121.48
-131.23
-1.61
-1.34
-249.83
-120.17
-0.88
-117.41
-1.02
-128.71
-235.2
-244.85
-115.54
-126.35
-232.66
-3.92
-242.48
-253.59
-221.45
-344.09
-1.13
-121.1
-355.1
-234.87
-4.39
-127.41
-125.31
-129.04
-121.15
-1.17
-246.13
-237.03
-126.31
-251.91
-244.72
-120.87
-254.98
-127.22
-372.63
-120.82
-127.9
-128.7
-124.84
-250.22
-117.5
-383.59
-3.19
-245.35
-130.79
-119.36
-114.81
-123.62
-0.86
-1.42
-131.04
-122.68
-121.85
-133.08
-248.75
-121.8
-242.23
-246.94
-123.53
-365.16
-123.69
-1.23
-233.51
-251.27
-1.22
-246.59
-131.36
-418.94
-123.41
-252.81
-130.76
-120.45
-231.56
-117.12
-132.23
-121.76
-131.04
-124.66
-234.14
-1.24
-129.29
-350.05
-244.88
-240.83
-128.44
-250.22
-125.22
-121.47
-0.79
-249.97
-352.27
-5.71
-127.75
-122.27
-124.2
-118.49
-245.21
-239.06
-243.47
-130.19
-2.55
-249.46
-128.55
-131.08
-131.69
-1.43
-1.65
-229.68
-266.87
-248.69
-3.12
-122.86
-128.87
-246.87
-385.25
-124.87
-247.85
-128.09
-125.22
-127.11
-874.45
-116.08
-130.57
-119.14
-120.33
-253.38
-130.63
-244.84
-240.0
-121.35
-237.64
-241.16
-121.17
-255.89
-247.66
-234.77
-244.82
-1.48
-226.74
-2.04
-242.47
-1.61
-119.39
-252.31
-131.86
-1.47
-127.75
-255.04
-120.96
-233.02
-121.98
-127.69
-240.08
-129.85
-126.25
-130.68
-357.82
-245.78
-2.73
-127.9
-133.93
-240.43
-247.38
-114.48
-234.09
-118.82
-123.42
-232.32
-125.39
-130.44
-124.83
-247.58
-1.16
-115.18
-125.73
-129.44
-2.31
-244.74
-131.6
-227.59
-243.47
-231.67
-127.22
-236.49
-129.64
-116.49
-115.49
-132.3
-123.41
-129.58
-118.23
-121.03
-128.97
-130.64
-239.31
-242.29
-378.82
-253.01
-128.31
-124.79
-127.62
-117.01
-0.6
-263.79
-121.93
-0.51
-1.32
-124.67
-291.09
-0.69
-132.18
-120.47
-258.76
-117.82
-128.11
-129.8
-115.34
-0.77
-237.77
-352.74
-240.39
-228.65
-240.72
-130.6
-117.02
-267.89
-337.54
-246.56
-249.64
-127.39
-244.21
-133.02
-243.92
-371.92
-244.25
-367.44
-119.07
-126.26
-1.86
-132.99
-242.41
-124.26
-248.16
-263.72
-1.15
-1.53
-250.78
-1.39
-0.75
-125.13
-1.8
-235.73
-124.19
-119.68
-129.12
-244.58
-130.91
-128.8
-236.63
-131.84
-130.8
-126.09
-1.02
-248.82
-274.14
-132.75
-131.4
-128.11
-133.3
-118.77
-124.12
-347.79
-121.67
-232.72
-132.69
-132.0
-236.06
-131.59
-243.27
-124.82
-240.16
-2.29
-119.68
-132.8
-273.74
-246.58
-3.42
-396.1
-258.84
-2.8
-242.97
-122.78
-259.77
-247.87
-126.02
-127.32
-312.57
-485.45
-130.47
-272.46
-242.32
-126.52
-1.53
-119.5
-250.65
-244.65
-123.54
-345.28
-129.11
-127.45
-130.9
-276.81
-331.53
-131.32
-259.37
-131.26
-246.92
-129.56
-126.84
-127.98
-114.07
-2.01
-256.58
-126.79
-123.07
-132.06
-120.45
-268.99
-0.8
-246.22
-0.77
-116.5
-262.42
-121.22
-231.11
-129.61
-240.51
-251.52
-233.41
-132.1
-1.32
-0.58
-125.44
-0.44
-125.74
-129.6
-240.88
-128.13
-1.48
-342.69
-121.79
-128.95
-237.12
-0.72
-128.73
-241.59
-0.46
-125.07
-329.32
-0.81
-237.36
-251.63
-252.84
-240.99
-123.71
-1.62
-0.85
-128.95
-247.79
-237.56
-2.82
-247.31
-254.82
-128.78
-128.05
-236.64
-126.72
-131.46
-241.21
-1.75
-128.72
-2.48
-4.75
-231.22
-245.71
-256.27
-247.89
-119.63
-118.72
-128.31
-232.17
-119.79
-133.23
-127.69
-243.84
-362.62
-1.33
-123.45
-132.99
-131.09
-249.97
-133.45
-2.03
-127.11
-246.08
-0.64
-127.52
-130.27
-116.09
-118.04
-125.58
-117.9
-127.15
-132.45
-234.45
-119.97
-243.38
-130.26
-128.49
-236.89
-117.0
-122.55
-2.36
-351.15
-126.56
-127.87
-121.34
-379.27
-1.44
-128.52
-115.44
-130.35
-125.03
-131.19
-131.54
-129.94
-126.47
-114.51
-122.52
-119.98
-237.02
-125.12
-322.89
-131.82
-127.49
-127.1
-121.96
-233.54
-127.95
-247.46
-125.14
-119.59
-125.01
-130.06
-126.36
-130.65
-0.51
-243.42
-120.16
-122.36
-118.77
-124.75
-130.88
-126.13
-126.87
-313.35
-130.8
-131.27
-248.62
-124.24
-268.54
-120.37
-115.41
-129.08
-0.83
-132.28
-339.6
-123.78
-130.51
-124.97
-124.31
-1.05
-0.82
-115.45
-1.22
-122.26
-128.24
-232.11
-232.2
-122.78
-123.6
-129.43
-1.12
-125.83
-253.09
-128.34
-127.74
-4.47
-124.41
-337.62
-127.44
-121.36
-129.52
-0.69
-119.1
-117.59
-248.79
-1.92
-124.9
-235.36
-127.92
-131.19
-127.82
-121.03
-241.07
-128.62
-131.03
-124.76
-122.54
-128.35
-227.74
-235.69
-234.44
-230.37
-230.84
-127.03
-232.26
-1.14
-130.49
-128.94
-125.01
-247.81
-120.59
-131.03
-126.68
-120.64
-339.27
-124.39
-239.44
-122.89
-124.55
-125.98
-123.08
-122.05
-123.05
-115.88
-1.19
-122.92
-124.45
-130.22
-128.87
-123.36
-251.84
-121.84
-126.33
-113.41
-116.75
-331.9
-130.28
-231.97
-127.26
-130.1
-127.66
-128.8
-123.58
-118.59
-0.74
-329.56
-0.86
-1.06
-114.56
-119.27
-0.87
-118.01
-223.76
-126.49
-406.3
-126.39
-2.01
-118.17
-235.3
-120.39
-225.67
-117.27
-120.04
-224.74
-125.47
-127.83
-122.04
-0.68
-127.47
-117.72
-254.35
-240.0
-247.32
-127.23
-120.6
-250.34
-125.79
-127.22
-119.36
-1.6
-115.93
-242.32
-128.2
-127.05
-131.08
-223.64
-121.73
-0.91
-245.74
-231.98
-124.28
-120.0
-228.72
-309.01
-121.12
-246.36
-115.34
-120.57
-115.19
-116.29
-3.48
-241.13
-2.78
-117.97
-126.06
-252.24
-115.99
-244.94
-275.88
-1.25
-116.27
-235.07
-366.14
-252.79
-114.65
-131.21
-621.42
-127.27
-0.81
-123.39
-231.95
-344.04
-243.53
-1.15
-224.94
-118.53
-245.64
-122.53
-238.4
-248.36
-318.31
-125.37
-226.02
-134.66
-117.48
-2.3
-128.87
-120.11
-245.61
-130.32
-125.14
-231.67
-127.02
-247.48
-237.39
-124.52
-485.49
-126.44
-124.56
-115.89
-243.16
-247.23
-124.59
-240.03
-121.6
-129.65
-244.2
-128.62
-245.37
-346.64
-113.97
-248.23
-252.77
-0.72
-231.58
-235.96
-316.47
-1.19
-120.8
-125.52
-120.8
-375.87
-125.04
-240.49
-257.86
-124.56
-236.92
-121.98
-117.7
-125.92
-121.15
-241.39
-249.93
-126.58
-122.46
-241.21
-236.17
-0.5
-0.68
-129.06
-355.88
-0.75
-236.76
-125.98
-249.75
-119.03
-246.5
-115.0
-246.54
-114.64
-1.01
-124.43
-114.94
-127.03
-117.72
-239.88
-0.66
-118.47
-2.91
-124.61
-248.08
-116.25
-125.01
-0.93
-0.84
-0.62
-245.78
-1.4
-247.05
-115.2
-231.42
-117.89
-114.65
-124.69
-1.92
-236.97
-130.63
-1.84
-127.68
-127.87
-0.63
-365.97
-132.37
-250.24
-342.13
-2.03
-0.82
-115.51
-118.44
-116.63
-126.18
-1.24
-121.51
-244.28
-114.62
-123.52
-132.24
-126.77
-217.57
-232.47
-123.27
-132.06
-245.41
-115.06
-117.68
-128.7
-113.63
-128.64
-116.87
-127.64
-237.97
-123.61
-239.0
-123.99
-127.48
-234.23
-2.44
-119.0
-372.26
-245.94
-114.85
-247.14
-125.06
-132.19
-129.69
-121.76
-126.29
-130.78
-246.29
-127.2
-1.02
-229.75
-115.41
-244.76
-2.19
-116.24
-116.12
-366.61
-242.89
-128.8
-129.68
-1.29
-123.73
-118.04
-130.45
-223.67
-0.6
-251.57
-117.39
-123.82
-126.75
-120.9
-240.89
-128.84
-129.0
-126.63
-120.67
-0.61
-0.54
-332.06
-321.03
-337.71
-239.26
-128.83
-129.11
-354.4
-120.51
-123.68
-0.64
-117.8
-126.8
-115.18
-232.47
-115.4
-125.14
-122.73
-115.45
-122.99
-129.7
-119.1
-0.85
-117.6
-128.72
-119.21
-128.66
-117.93
-235.98
-0.7
-364.16
-327.02
-243.07
-0.76
-253.83
-4.3
-125.49
-0.95
-120.87
-127.35
-0.54
-258.96
-252.24
-128.75
-228.62
-122.19
-375.56
-122.52
-128.39
-0.72
-304.13
-123.02
-115.83
-122.71
-117.11
-235.7
-130.18
-254.48
-129.52
-119.84
-129.23
-127.73
-127.55
-0.58
-248.47
-245.26
-123.32
-126.51
-115.81
-126.76
-2.19
-233.96
-315.04
-113.83
-119.32
-129.08
-127.63
-117.9
-243.21
-126.22
-227.81
-247.88
-131.61
-251.32
-3.98
-114.06
-251.07
-342.81
-130.21
-119.1
-2.46
-128.56
-1.08
-1.47
-249.33
-342.12
-241.28
-119.29
-7.37
-118.95
-235.08
-125.95
-129.47
-1.06
-242.5
-233.13
-129.6
-276.67
-1.62
-115.11
-119.67
-115.15
-127.45
-247.67
-232.25
-124.88
-116.46
-221.65
-129.81
-113.55
-116.09
-122.25
-129.45
-126.8
-362.33
-122.19
-242.29
-120.54
-128.33
-285.98
-129.55
-249.46
-117.24
-1.0
-2.16
-359.19
-375.67
-1.1
-127.59
-242.28
