-1254.85
-1304.63
-1287.3
-1411.1
-1397.4
-1067.11
-866.12
-1099.17
-1281.04
-1676.97
-1155.22
-991.73
-1637.16
-1562.28
-1154.66
-1308.39
-1016.63
-746.36
-745.16
-1153.86
-872.4
-1332.79
-1042.13
-1245.02
-1765.35
-1332.39
-967.65
-1067.46
-1255.91
-1657.51
-1311.17
-1445.61
-907.16
-1338.2
-881.83
-924.01
-960.2
-1088.55
-1400.66
-1649.64
-1555.16
-1309.8
-900.52
-966.31
-979.52
-855.86
-877.65
-1079.02
-970.14
-1030.01
-911.48
-907.79
-1100.57
-1083.35
-1256.06
-1146.72
-887.18
-1172.91
-1191.23
-742.59
-856.53
-773.22
-1080.49
-901.31
-1423.88
-1038.59
-874.94
-861.66
-1518.38
-1667.94
-863.11
-1343.63
-1061.8
-869.65
-1614.95
-1444.25
-1328.13
-759.2
-1310.65
-1201.54
-1070.75
-1664.61
-980.74
-1172.68
-1181.9
-907.55
-969.17
-1430.23
-1180.39
-905.53
-1392.98
-1286.42
-1030.22
-1492.21
-1307.51
-878.02
-1180.45
-1268.82
-1346.36
-944.14
-1218.32
-1254.56
-884.61
-1139.59
-1513.9
-903.56
-933.63
-895.01
-1376.5
-1867.13
-970.66
-1188.2
-1314.5
-873.22
-895.69
-1167.25
-969.93
-1285.68
-903.85
-1314.94
-985.41
-1235.39
-1492.8
-1316.06
-1309.2
-1047.77
-1306.61
-1662.57
-1183.34
-1194.13
-1631.88
-1174.49
-914.2
-1638.31
-887.18
-915.66
-1072.58
-1443.81
-779.11
-872.9
-992.29
-861.19
-810.69
-874.8
-905.55
-778.98
-1378.24
-970.29
-1382.13
-1306.41
-1451.33
-1241.95
-747.29
-1376.57
-967.25
-1352.42
-887.67
-1542.98
-969.21
-764.37
-1341.99
-1260.67
-1311.72
-996.59
-1079.32
-1375.59
-865.08
-972.82
-923.17
-1433.61
-1358.8
-769.88
-975.58
-863.47
-1070.21
-905.95
-902.19
-1171.06
-1496.94
-872.18
-1460.82
-944.56
-1304.95
-1286.41
-877.05
-1090.75
-1159.72
-869.44
-1008.62
-879.67
-1109.32
-749.6
-846.61
-919.41
-875.8
-967.61
-1665.62
-898.97
-742.93
-888.44
-982.0
-1169.92
-748.55
-840.25
-1030.71
-1106.19
-1200.47
-874.52
-1181.73
-777.0
-1167.38
-1335.85
-1358.13
-1585.78
-1596.37
-1456.89
-870.21
-897.81
-1194.69
-1821.15
-964.55
-1333.48
-869.68
-1533.05
-1296.13
-1086.76
-1356.42
-1354.32
-845.12
-878.58
-910.62
-1276.04
-899.58
-766.0
-1329.99
-1006.08
-1397.8
-1082.23
-1117.08
-904.79
-1185.42
-857.55
-1155.37
-859.16
-1731.67
-903.1
-993.56
-902.18
-1306.96
-971.87
-1117.35
-958.41
-978.46
-1468.16
-902.06
-750.64
-1536.77
-1428.53
-1410.87
-1358.17
-862.63
-1069.92
-1312.1
-829.08
-1195.24
-1279.24
-999.19
-1186.53
-1226.92
-1193.16
-1080.56
-864.51
-1193.54
-1099.62
-1385.07
-978.63
-883.57
-756.72
-976.69
-1075.01
-1064.41
-1168.92
-885.71
-958.08
-886.85
-859.45
-1333.01
-969.55
-768.76
-1067.3
-1079.33
-1075.52
-860.92
-867.49
-1470.2
-914.94
-818.97
-843.44
-879.42
-1035.39
-1486.79
-968.8
-1008.27
-1283.44
-769.08
-859.74
-1309.47
-1244.04
-1175.9
-1339.55
-1293.19
-1092.29
-1112.33
-982.34
-760.29
-1359.15
-1107.73
-756.62
-883.72
-1109.96
-837.65
-1328.59
-955.04
-888.16
-1024.37
-889.31
-1033.41
-1323.73
-1216.69
-908.88
-1005.39
-904.47
-1230.16
-960.72
-759.32
-978.2
-751.51
-951.84
-1071.66
-861.66
-1188.57
-885.81
-1157.44
-961.57
-1002.4
-751.88
-842.93
-967.97
-757.89
-1069.24
-1008.35
-863.36
-848.19
-1194.17
-1178.51
-1093.95
-993.25
-867.1
-888.52
-967.45
-745.39
-758.84
-975.04
-1337.25
-876.6
-1074.17
-982.61
-1074.09
-858.02
-879.43
-1302.73
-1083.84
-864.93
-856.64
-752.6
-938.79
-867.71
-752.56
-1084.85
-898.7
-1416.8
-770.54
-1162.08
-902.84
-933.75
-1074.64
-877.43
-759.69
-851.33
-1040.83
-776.41
-1439.62
-1186.19
-871.37
-649.61
-858.37
-871.03
-854.6
-1076.47
-1365.28
-1420.64
-1075.25
-967.28
-880.71
-959.7
-975.89
-782.72
-1233.19
-904.66
-632.59
-752.17
-1114.8
-859.48
-749.27
-910.01
-1405.92
-1214.06
-1048.89
-1243.69
-1209.96
-1071.79
-1535.11
-875.25
-1180.36
-987.54
-1008.0
-1026.51
-1085.45
-977.56
-1123.92
-960.46
-1395.68
-899.4
-1363.67
-1221.22
-1323.3
-1033.56
-807.72
-729.24
-1177.1
-1087.76
-998.18
-843.37
-875.82
-933.33
-1108.06
-983.61
-789.79
-1207.19
-978.62
-909.5
-886.36
-755.65
-912.79
-1072.84
-961.25
-1076.58
-1180.76
-862.43
-968.78
-866.47
-962.19
-1199.35
-882.37
-1221.11
-1190.11
-968.84
-751.94
-871.51
-1429.79
-962.54
-1074.62
-806.41
-888.44
-887.79
-754.25
-1250.57
-826.54
-762.96
-940.06
-982.09
-753.56
-1220.94
-1358.83
-1217.98
-1227.53
-1093.1
-753.05
-1164.64
-861.3
-1342.45
-1291.05
-1110.98
-873.09
-1268.77
-1072.43
-1276.44
-982.4
-1079.15
-1084.08
-1205.91
-1066.91
-1026.22
-965.49
-758.56
-1225.01
-1127.53
-1104.36
-896.6
-868.42
-883.3
-976.32
-1063.82
-985.94
-741.64
-757.56
-1228.23
-809.25
-1021.82
-875.52
-759.13
-756.06
-743.46
-760.75
-898.37
-648.34
-860.71
-1199.63
-812.55
-1107.15
-867.01
-1327.6
-1048.17
-968.36
-747.37
-968.97
-923.43
-738.71
-1358.56
-971.24
-1080.24
-1082.17
-833.87
-847.19
-1213.57
-881.09
-759.93
-792.16
-789.57
-1077.59
-829.85
-857.32
-1070.61
-1030.8
-876.62
-749.97
-981.29
-757.21
-1102.08
-760.87
-1517.6
-739.09
-772.32
-890.28
-800.85
-999.18
-985.19
-873.41
-1064.11
-914.33
-1080.06
-867.88
-747.39
-1275.28
-860.95
-1164.77
-966.86
-876.65
-889.43
-746.47
-1271.5
-982.97
-1144.35
-841.05
-754.01
-897.86
-1113.34
-861.51
-643.57
-983.05
-901.27
-769.82
-842.07
-956.77
-1116.18
-938.21
-1299.71
-1265.1
-1100.91
-752.31
-1251.81
-896.08
-965.53
-1125.87
-975.98
-1170.06
-827.9
-907.46
-898.36
-1179.23
-991.65
-759.74
-1029.78
-980.78
-960.08
-762.43
-866.8
-759.55
-759.85
-1096.94
-504.47
-1167.57
-1014.37
-862.1
-768.98
-769.06
-866.87
-879.14
-876.98
-862.42
-1097.22
-986.33
-1082.65
-652.59
-896.2
-1129.1
-1180.56
-975.4
-991.81
-965.13
-868.46
-761.91
-982.06
-1249.54
-859.58
-1085.06
-1473.03
-856.69
-874.01
-1190.16
-1096.62
-887.26
-998.74
-1163.07
-765.55
-969.47
-833.14
-719.71
-752.15
-644.53
-1056.07
-752.62
-941.23
-816.54
-867.13
-882.06
-640.53
-835.63
-868.68
-882.36
-1085.58
-880.26
-1014.68
-1010.28
-741.3
-630.14
-748.4
-908.39
-1063.31
-1272.05
-796.49
-760.72
-654.09
-890.27
-738.48
-901.51
-1095.76
-866.13
-859.19
-846.04
-860.42
-1092.35
-990.4
-972.6
-1137.67
-969.51
-983.15
-975.06
-982.0
-1107.97
-773.14
-758.62
-851.31
-1347.85
-868.71
-947.04
-963.19
-731.7
-877.16
-1047.15
-746.79
-1001.47
-850.27
-741.26
-980.17
-989.91
-1124.47
-860.86
-971.48
-1264.77
-923.72
-1122.31
-747.87
-865.84
-848.82
-875.67
-953.0
-1050.38
-878.19
-763.92
-992.77
-764.37
-976.68
-896.76
-1115.71
-1108.07
-731.25
-871.33
-1242.61
-1191.05
-888.32
-1028.47
-888.88
-988.57
-857.13
-762.44
-744.98
-668.08
-1117.2
-833.42
-744.56
-877.06
-743.75
-1136.79
-1051.6
-1092.96
-860.64
-997.33
-674.07
-916.34
-852.64
-977.82
-762.06
-883.85
-806.87
-1127.59
-815.9
-862.84
-894.59
-895.99
-1017.01
-861.55
-773.6
-1000.95
-1009.58
-967.85
-862.13
-869.4
-864.92
-885.01
-765.09
-749.03
-1003.87
-771.54
-748.06
-656.19
-756.96
-868.93
-853.14
-1098.93
-1117.23
-660.53
-865.34
-952.92
-914.16
-863.75
-866.77
-874.19
-871.22
-622.99
-858.5
-987.92
-859.96
-982.1
-978.81
-743.42
-746.51
-864.32
-756.24
-1001.87
-988.95
-744.21
-1084.13
-867.15
-860.43
-1118.24
-1079.48
-967.07
-749.51
-776.18
-853.98
-867.42
-632.68
-1107.76
-979.16
-745.54
-893.36
-913.86
-745.13
-1022.88
-745.8
-826.5
-871.64
-822.94
-1169.12
-979.97
-685.15
-754.08
-1002.9
-905.1
-869.54
-637.86
-861.24
-833.94
-883.7
-761.89
-775.48
-993.89
-751.39
-877.36
-947.3
-999.2
-1031.63
-772.12
-836.56
-758.19
-743.63
-728.76
-879.36
-951.58
-874.92
-1104.58
-820.1
-888.3
-753.69
-990.05
-983.07
-964.32
-967.29
-763.54
-1005.79
-884.97
-973.51
-864.38
-969.55
-862.12
-882.72
-643.85
-959.91
-759.93
-1117.22
-877.22
-864.9
-742.56
-862.02
-760.24
-1074.27
-645.61
-1111.02
-752.9
-866.46
-747.67
-891.76
-758.33
-632.0
-841.9
-985.89
-1119.95
-882.51
-849.78
-768.61
-720.63
-1009.89
-621.55
-628.85
-863.07
-865.49
-854.32
-877.96
-634.13
-853.96
-887.88
-868.79
-871.35
-838.17
-914.65
-751.02
-757.82
-834.32
-856.54
-746.57
-748.55
-640.07
-1021.73
-619.68
-955.34
-745.1
-873.25
-750.96
-607.03
-1090.71
-908.63
-664.31
-872.77
-870.51
-862.83
-765.61
-750.98
-755.02
-739.04
-746.42
-821.15
-746.01
-639.45
-1006.05
-749.99
-838.25
-1009.77
-634.58
-870.27
-1001.4
-766.06
-734.86
-745.79
-632.49
-643.98
-876.97
-634.06
-749.03
-633.53
-890.97
-932.84
-746.32
-991.82
-1120.12
-803.29
-755.65
-633.63
-1024.21
-644.07
-761.31
-759.6
-852.25
-869.44
-637.49
-752.07
-890.37
-769.45
-728.23
-734.59
-853.7
-1054.65
-817.8
-758.66
-877.38
-763.55
-655.12
-507.35
-871.49
-630.51
-857.22
-634.59
-1125.92
-850.26
-703.66
-909.21
-971.57
-873.44
-762.73
-751.38
-713.78
-631.23
-631.84
-869.09
-621.79
-885.72
-673.77
-751.23
-679.85
-652.26
-756.49
-987.01
-755.98
-969.36
-874.43
-908.72
-587.92
-976.19
-757.62
-754.87
-762.02
-761.82
-755.93
-635.19
-880.83
-1052.45
-932.09
-864.16
-963.64
-860.4
-757.33
-823.87
-647.74
-753.46
-766.9
-748.74
-877.08
-595.15
-759.17
-636.62
-621.0
-640.88
-762.69
-750.2
-641.31
-609.3
-764.36
-881.95
-732.54
-885.02
-858.89
-737.34
-928.15
-748.1
-869.54
-759.59
-754.18
-642.72
-758.44
-759.74
-772.1
-748.84
-748.77
-961.86
-1020.48
-635.41
-751.79
-748.25
-646.97
-750.6
-740.0
-746.09
-900.29
-654.24
-635.41
-559.82
-890.93
-752.53
-875.36
-882.03
-916.47
-788.27
-746.7
-751.16
-634.6
-767.83
-639.33
-564.64
-714.73
-740.51
-875.74
-850.04
-769.51
-966.97
-635.35
-764.41
-641.65
-744.76
-515.88
-709.59
-988.26
-626.57
-631.02
-641.94
-956.98
-747.58
-661.8
-766.37
-655.78
-746.74
-868.61
-761.55
-750.87
-969.66
-726.86
-720.78
-765.21
-759.63
-676.75
-631.98
-642.44
-640.91
-901.59
-522.85
-757.77
-842.45
-512.15
-625.71
-635.22
-636.16
-656.22
-862.6
-770.74
-636.47
-758.03
-756.56
-766.07
-512.41
-829.59
-813.85
-764.8
-648.57
-682.42
-778.55
-968.03
-629.2
-636.05
-634.67
-627.11
-721.1
-621.57
-771.4
-634.22
-917.0
-701.02
-633.76
-795.28
-752.78
-641.87
-751.52
-539.09
-400.25
-772.25
-635.84
-898.55
-627.68
-560.32
-629.79
-512.34
-638.63
-681.53
-720.77
-760.8
-640.24
-872.11
-522.55
-581.9
-645.54
-636.95
-515.49
-614.43
-465.05
-742.24
-757.08
-771.21
-861.39
-764.6
-642.91
-520.66
-632.52
-778.03
-897.61
-758.09
-976.42
-525.68
-560.11
-771.21
-659.75
-385.27
-628.04
-638.15
-641.61
-641.18
-828.47
-631.62
-619.58
-789.06
-622.56
-644.18
-436.8
-766.88
-784.19
-509.7
-762.26
-767.68
-754.52
-515.9
-635.16
-514.93
-759.05
-616.06
-778.58
-634.84
-926.47
-685.41
-563.71
-517.71
-623.54
-769.07
-776.91
-403.54
-513.96
-774.75
-530.62
-774.02
-636.59
-641.68
-713.74
-637.2
-769.53
-769.18
-515.38
-634.52
-651.67
-389.94
-770.23
-665.75
-515.08
-647.16
-927.89
-844.92
-635.89
-513.39
-835.51
-497.4
-385.51
-562.8
-641.1
-630.56
-677.22
-636.74
-635.82
-780.08
-514.82
-512.27
-515.93
-391.68
-632.67
-513.28
-644.2
-514.29
-501.15
-641.52
-639.71
-517.45
-824.42
-641.05
-772.65
-516.55
-894.28
-504.14
-546.44
-509.38
-646.19
-639.38
-791.48
-656.07
-636.33
-635.96
-387.38
-398.36
-638.65
-867.24
-517.75
-645.29
-491.45
-634.84
-635.03
-388.29
-525.39
-517.26
-514.9
-510.98
-829.54
-646.4
-808.58
-389.53
-733.15
-510.79
-779.11
-527.73
-522.06
-510.76
-516.77
-649.15
-588.27
-513.61
-500.75
-513.86
-529.31
-770.45
-606.58
-722.21
-388.33
-646.64
-665.32
-502.6
-956.68
-518.34
-688.33
-697.27
-618.78
-548.68
-532.92
-594.47
-639.71
-542.27
-392.24
-620.49
-508.23
-389.69
-503.76
-698.51
-649.18
-653.62
-735.22
-522.69
-639.47
-263.16
-518.3
-635.74
-395.31
-833.35
-408.95
-642.7
-757.57
-475.56
-382.43
-399.24
-844.35
-390.95
-517.38
-387.5
-700.19
-776.05
-480.04
-392.62
-858.58
-384.1
-651.05
-399.96
-515.59
-391.59
-411.03
-394.69
-513.42
-518.16
-517.99
-521.12
-391.96
-720.14
-285.16
-261.24
-566.42
-643.69
-663.32
-518.31
-515.93
-684.57
-535.52
-523.18
-642.78
-642.48
-512.92
-525.45
-393.78
-392.53
-265.69
-725.75
-712.47
-395.67
-692.56
-542.77
-132.44
-263.96
-262.52
-262.83
-396.77
-526.36
-524.74
-691.23
-263.67
-265.05
-404.48
-523.35
-393.43
-650.91
-521.3
-394.1
-180.15
-399.58
-552.6
-516.86
-394.57
-393.09
-273.56
-265.27
-261.6
-396.81
-131.44
-518.86
-550.95
-394.89
-135.28
-136.75
-548.01
-133.65
-130.21
-528.75
-136.56
-259.64
-436.2
-131.79
-7.25
-270.52
-402.94
-800.31
-405.39
-637.32
-690.73
-667.47
-139.56
-565.35
-126.09
-130.16
-262.88
-264.82
-139.05
-399.5
-133.76
-129.87
-130.52
-131.62
-272.56
-139.62
-408.81
-400.79
-2.62
-135.05
-396.16
-258.1
