-5.89
-6.44
-5.55
-6.62
-6.05
-7.42
-5.58
-7.61
-6.63
-6.61
-5.42
-5.4
-6.17
-6.85
-6.82
-7.22
-5.86
-6.4
-5.56
-7.38
-5.24
-5.13
-6.83
-5.57
-6.8
-6.04
-6.95
-5.22
-6.04
-6.11
-5.85
-6.36
-6.54
-7.46
-5.67
-5.95
-6.07
-6.38
-5.92
-5.75
-5.38
-6.12
-6.39
-6.55
-6.05
-6.78
-6.05
-6.01
-5.74
-6.31
-6.29
-6.28
-5.91
-7.48
-5.74
-5.04
-7.36
-6.1
-6.38
-6.78
-5.7
-5.46
-6.19
-7.44
-6.58
-5.58
-7.94
-5.42
-6.03
-6.03
-6.61
-6.43
-5.34
-5.6
-5.32
-5.54
-7.12
-5.85
-6.52
-6.01
-6.74
-6.34
-6.35
-5.71
-6.26
-5.62
-6.5
-6.68
-6.67
-6.98
-7.15
-6.54
-5.9
-6.27
-4.55
-8.03
-5.33
-6.36
-4.81
-6.8
-5.74
-6.82
-7.31
-6.59
-5.0
-7.03
-6.76
-7.15
-5.8
-5.81
-8.82
-6.41
-6.31
-6.54
-6.33
-6.03
-7.22
-8.06
-9.55
-7.0
-7.0
-6.65
-7.04
-5.72
-6.75
-6.5
-7.34
-6.38
-5.72
-7.84
-6.04
-5.95
-6.22
-6.9
-6.34
-5.7
-6.1
-5.85
-6.33
-7.27
-6.98
-4.8
-6.09
-7.45
-7.12
-7.02
-6.41
-6.63
-5.97
-6.21
-6.89
-7.39
-6.24
-4.72
-6.49
-5.46
-6.1
-6.43
-5.59
-4.85
-5.71
-6.5
-5.86
-6.09
-6.53
-6.89
-6.8
-6.51
-7.29
-6.41
-5.02
-6.42
-6.43
-6.4
-5.75
-6.07
-6.91
-6.6
-8.0
-6.02
-6.12
-6.85
-6.99
-6.03
-7.42
-7.8
-8.16
-5.19
-5.7
-5.65
-5.36
-5.4
-6.11
-6.92
-7.45
-6.42
-6.2
-5.65
-6.94
-6.2
-6.95
-5.49
-7.09
-5.48
-6.29
-6.04
-6.0
-7.24
-5.41
-6.1
-7.34
-5.84
-6.15
-7.71
-5.25
-5.96
-7.02
-6.81
-8.98
-6.7
-5.65
-6.22
-6.49
-5.71
-4.53
-6.05
-7.12
-5.63
-6.75
-5.92
-6.42
-5.74
-7.02
-6.4
-7.02
-5.94
-6.33
-7.54
-6.41
-6.56
-6.79
-6.59
-8.13
-7.68
-8.57
-7.3
-7.12
-6.73
-6.49
-5.7
-6.66
-7.64
-6.45
-7.26
-6.26
-7.01
-5.37
-7.03
-7.64
-5.08
-5.58
-5.59
-6.49
-7.12
-7.35
-6.51
-5.82
-7.24
-6.83
-7.61
-6.2
-5.71
-5.67
-7.09
-7.17
-6.33
-8.21
-5.99
-5.87
-6.24
-5.85
-6.45
-7.29
-7.29
-5.24
-6.48
-6.02
-5.68
-6.11
-6.09
-5.62
-7.57
-6.25
-5.97
-5.33
-6.33
-6.58
-6.84
-6.24
-6.96
-4.84
-6.14
-7.53
-5.76
-6.26
-6.32
-5.05
-6.85
-7.04
-6.83
-6.34
-6.73
-7.47
-6.7
-5.59
-5.68
-7.57
-7.2
-5.65
-6.72
-5.51
-8.29
-5.91
-7.06
-6.6
-5.2
-6.53
-6.21
-6.41
-7.98
-7.62
-5.48
-5.51
-6.87
-6.73
-7.6
-5.69
-6.62
-6.86
-6.21
-6.25
-4.67
-6.66
-5.85
-5.67
-6.8
-7.34
-5.48
-5.57
-7.3
-7.0
-5.66
-6.34
-7.15
-5.52
-6.95
-6.92
-6.18
-7.43
-7.52
-5.7
-7.14
-8.15
-7.31
-5.81
-6.02
-5.95
-7.82
-8.19
-6.95
-7.45
-7.5
-6.14
-6.23
-7.35
-5.83
-5.07
-7.08
-8.55
-7.2
-7.02
-8.12
-5.47
-8.05
-6.42
-6.57
-5.74
-6.33
-6.09
-5.84
-8.17
-7.6
-6.06
-9.46
-5.83
-6.21
-6.32
-7.67
-6.94
-5.26
-5.58
-5.29
-6.85
-6.07
-6.6
-7.65
-7.09
-6.42
-6.71
-8.01
-6.15
-6.81
-5.5
-3.74
-7.82
-5.98
-5.33
-5.31
-5.16
-6.79
-6.12
-8.4
-6.21
-5.74
-5.39
-6.92
-6.88
-5.13
-5.85
-6.39
-5.27
-6.44
-6.89
-5.65
-6.63
-6.92
-5.98
-5.87
-6.2
-6.81
-6.21
-6.72
-6.36
-7.88
-7.86
-5.86
-5.27
-4.91
-6.81
-6.87
-6.37
-6.81
-6.65
-8.24
-7.33
-7.76
-5.58
-6.51
-6.2
-6.89
-6.26
-6.27
-5.79
-6.73
-5.31
-6.03
-6.67
-5.63
-6.27
-6.41
-6.95
-7.26
-6.48
-5.88
-5.98
-7.18
-5.7
-5.53
-6.73
-4.72
-5.35
-7.19
-5.95
-5.96
-6.82
-4.73
-6.99
-6.16
-7.59
-7.67
-5.94
-6.33
-5.73
-5.76
-5.76
-6.61
-6.53
-7.04
-5.64
-5.3
-6.4
-6.96
-5.05
-4.85
-5.86
-6.89
-7.18
-5.43
-7.28
-5.31
-6.83
-5.82
-7.25
-8.19
-6.6
-5.65
-6.49
-6.16
-5.96
-6.65
-7.08
-6.14
-6.99
-7.95
-6.64
-6.92
-5.9
-5.17
-6.09
-6.99
-6.91
-6.6
-8.4
-5.64
-6.91
-7.84
-6.53
-7.5
-6.51
-7.84
-5.25
-6.86
-6.54
-6.65
-6.57
-5.51
-6.94
-6.62
-6.03
-5.51
-5.66
-6.73
-5.7
-8.31
-6.93
-7.07
-6.53
-6.61
-7.25
-8.91
-6.58
-5.54
-7.24
-6.13
-6.15
-7.17
-5.98
-7.01
-4.58
-4.9
-6.48
-7.46
-4.58
-5.45
-6.28
-5.42
-6.9
-5.62
-7.41
-6.27
-6.31
-7.41
-6.45
-6.1
-4.27
-4.9
-5.35
-8.43
-6.3
-6.48
-6.46
-6.15
-6.7
-5.48
-6.47
-7.57
-7.63
-5.68
-6.14
-5.95
-5.33
-7.3
-5.43
-6.87
-5.6
-7.0
-5.82
-5.92
-6.55
-6.63
-5.72
-6.85
-7.36
-7.08
-5.27
-6.99
-5.61
-6.44
-6.99
-6.66
-5.73
-6.7
-5.57
-7.17
-6.89
-5.89
-6.47
-7.2
-6.56
-5.8
-7.1
-6.87
-5.54
-6.23
-6.64
-6.68
-6.94
-5.38
-6.49
-7.49
-7.13
-7.19
-6.63
-7.45
-6.87
-6.84
-7.96
-6.68
-8.27
-7.68
-5.95
-6.1
-5.52
-5.63
-7.03
-6.56
-4.9
-6.1
-6.85
-6.11
-6.83
-5.41
-7.95
-6.57
-6.83
-6.95
-6.63
-5.23
-7.53
-7.05
-5.28
-6.71
-6.26
-5.23
-6.43
-6.55
-6.4
-6.34
-5.96
-5.93
-7.85
-5.26
-6.18
-5.4
-5.99
-7.23
-7.52
-6.69
-5.81
-7.28
-6.74
-6.8
-7.9
-7.63
-5.63
-5.46
-7.27
-7.19
-8.07
-7.4
-5.56
-7.7
-6.58
-6.4
-6.82
-8.0
-6.28
-5.56
-7.25
-7.36
-7.2
-6.03
-6.99
-7.02
-5.82
-7.04
-5.43
-6.27
-6.19
-9.22
-7.85
-8.08
-6.75
-4.99
-6.6
-5.69
-6.72
-6.23
-7.76
-5.28
-5.43
-6.35
-5.93
-6.81
-6.45
-5.26
-6.37
-6.26
-5.38
-6.82
-6.41
-6.79
-5.07
-7.24
-7.68
-5.81
-6.49
-6.71
-6.7
-6.7
-5.94
-6.49
-5.72
-6.13
-6.12
-5.46
-6.19
-6.08
-6.41
-6.36
-6.6
-6.12
-5.53
-7.04
-5.38
-8.63
-6.86
-6.82
-6.09
-6.59
-5.54
-5.66
-6.55
-4.52
-6.39
-6.4
-5.19
-5.71
-5.86
-7.95
-5.62
-9.05
-7.74
-7.0
-5.82
-6.4
-5.43
-6.13
-5.69
-5.9
-6.12
-5.66
-5.96
-5.86
-6.38
-6.37
-6.25
-6.79
-6.43
-7.1
-7.98
-4.99
-7.5
-6.87
-5.54
-5.98
-6.66
-5.1
-6.37
-6.95
-5.92
-7.62
-6.03
-5.52
-6.56
-7.45
-5.8
-4.59
-5.7
-7.35
-5.72
-5.92
-6.78
-5.88
-7.7
-6.34
-7.1
-7.5
-4.12
-4.94
-6.84
-6.35
-6.72
-4.89
-5.49
-6.76
-6.26
-6.62
-6.78
-7.44
-6.49
-6.41
-7.17
-6.25
-6.17
-5.32
-5.98
-6.06
-5.59
-7.98
-5.92
-5.51
-5.42
-5.82
-7.23
-5.87
-6.56
-6.69
-6.15
-7.15
-6.57
-6.66
-5.72
-5.03
-6.29
-5.54
-8.32
-5.77
-6.41
-7.32
-6.84
-5.03
-5.03
-6.67
-5.38
-6.17
-5.79
-4.98
-6.82
-5.38
-6.57
-6.27
-6.07
-5.37
-5.47
-6.03
-7.56
-5.44
-5.42
-5.96
-5.31
-6.84
-5.38
-6.73
-6.5
-6.62
-5.52
-6.18
-5.65
-7.27
-6.57
-6.97
-7.48
-7.12
-6.17
-4.88
-6.89
-5.79
-6.58
-8.93
-6.67
-6.14
-6.08
-6.5
-6.47
-5.84
-6.25
-5.97
-5.92
-6.13
-5.39
-6.09
-5.87
-5.81
-6.43
-5.49
-6.69
-5.28
-7.27
-7.62
-6.59
-6.68
-6.27
-5.78
-5.9
-5.3
-6.11
-5.32
-6.31
-6.69
-8.04
-7.47
-8.32
-6.0
-8.03
-6.22
-7.37
-5.46
-6.36
-6.56
-6.4
-6.26
-6.67
-5.9
-6.61
-6.25
-5.96
-6.12
-7.12
-4.83
-7.86
-5.84
-6.16
-7.44
-7.48
-6.34
-5.79
-7.79
-6.19
-5.92
-6.47
-6.07
-7.07
-6.85
-7.08
-5.81
-5.42
-6.32
-6.97
-5.83
-6.5
-7.6
-6.88
-7.44
-5.83
-5.66
-5.72
-5.83
-7.33
-5.46
-5.88
-5.19
-6.65
-6.58
-6.42
-6.27
-6.68
-6.08
-5.85
-4.69
-6.58
-6.49
-6.58
-5.46
-6.49
-5.49
-8.28
-6.17
-5.97
-5.57
-6.49
-7.09
-5.86
-4.71
-6.9
-5.57
-6.06
-6.98
-5.26
-7.67
-6.63
-5.97
-5.82
-5.19
-6.16
-5.89
-6.48
-7.37
-5.86
-6.35
-6.26
-6.91
-5.0
-6.75
-6.33
-6.79
-6.07
-6.05
-6.01
-6.76
-7.21
-8.08
-6.09
-5.77
-7.38
-7.33
-5.46
-6.57
-7.22
-5.16
-6.12
-5.93
-6.05
-6.2
-6.95
-8.19
-6.45
-7.05
-6.24
-6.66
-6.52
-4.57
-6.84
-6.74
-6.27
-5.12
-5.0
-5.49
-6.26
-6.56
-6.79
-5.79
-5.93
-6.61
-7.53
-6.09
-7.79
-7.29
-5.7
-7.12
-6.67
-6.27
-7.21
-5.48
-7.2
-5.22
-8.35
-7.11
-6.56
-6.3
-6.3
-5.34
-6.48
-6.86
-5.97
-5.85
-6.49
-7.12
-6.37
-6.41
-6.21
-5.19
-6.14
-7.04
-6.84
-5.93
-5.21
-5.87
-5.24
-6.95
-5.51
-6.34
-5.93
-6.72
-7.52
-6.44
-5.23
-4.6
-6.93
-7.92
-5.27
-4.89
-7.29
-4.91
-6.19
-5.28
-5.64
-6.87
-5.88
-4.85
-6.67
-6.39
-6.48
-6.42
-7.2
-6.03
-7.25
-6.53
-6.49
-6.09
-5.45
-6.79
-6.96
-6.2
-6.63
-5.27
-6.83
-6.29
-5.78
-6.45
-6.2
-5.76
-6.38
-5.39
-6.15
-7.15
-6.52
-6.43
-7.06
-5.87
-5.37
-5.62
-5.94
-6.08
-6.58
-5.95
-6.72
-8.08
-7.38
-7.72
-6.21
-6.83
-5.78
-6.13
-5.03
-6.29
-6.53
-6.45
-5.91
-5.84
-5.98
-6.27
-6.19
-6.31
-5.92
-4.33
-6.86
-5.74
-6.55
-5.94
-5.96
-6.34
-7.63
-6.16
-5.4
-8.36
-6.69
-6.6
-6.84
-6.03
-6.85
-6.45
-5.94
-5.64
-8.05
-7.73
-6.7
-6.84
-6.58
-5.71
-6.67
-6.89
-5.25
-7.12
-6.89
-6.18
-7.11
-5.56
-5.46
-5.87
-6.3
-7.02
-6.23
-6.93
-6.21
-7.42
-5.42
-6.36
-7.49
-7.39
-7.21
-6.13
-6.72
-5.11
-6.15
-5.83
-7.09
-6.26
-5.83
-7.03
-5.71
-7.27
-6.73
-6.42
-6.11
-5.97
-6.3
-7.77
-5.77
-6.19
-6.33
-4.79
-6.12
-5.9
-5.5
-4.91
-6.22
-6.18
-7.03
-6.58
-6.72
-6.29
-7.33
-7.0
-7.4
-5.54
-5.89
-6.13
-5.61
-7.1
-6.32
-4.95
-5.64
-5.66
-5.38
-7.17
-4.84
-6.1
-5.77
-7.15
-6.47
-6.73
-6.79
-6.27
-6.63
-6.18
-6.65
-6.04
-5.45
-4.81
-7.62
-7.27
-6.13
-5.75
-6.38
-6.26
-6.25
-5.9
-6.69
-6.8
-5.09
-8.22
-6.77
-7.68
-6.54
-6.84
-7.74
-7.64
-6.89
-5.63
-7.51
-7.07
-6.1
-6.99
-5.55
-5.7
-7.17
-7.54
-6.23
-5.69
-8.37
-5.86
-6.49
-5.6
-7.9
-6.83
-5.49
-6.47
-5.87
-5.95
-6.45
-5.41
-5.57
-7.18
-5.1
-5.66
-6.64
-5.54
-6.29
-7.08
-5.49
-6.57
-6.18
-6.49
-4.8
-6.85
-6.5
-5.99
-6.39
-6.16
-6.53
-5.6
-6.4
-6.46
-5.45
-6.7
-5.01
-5.61
-5.07
-5.59
-6.45
-6.08
-7.63
-6.29
-5.96
-7.33
-6.37
-5.86
-6.12
-6.63
-6.53
-5.56
-5.55
-4.71
-6.99
-5.65
-5.23
-6.79
-6.84
-7.93
-5.65
-7.19
-5.14
-6.51
-7.72
-6.72
-5.69
-6.76
-5.89
-5.21
-5.87
-6.12
-7.36
-6.09
-5.2
-5.66
-7.43
-6.32
-5.82
-6.02
-6.19
-6.5
-7.05
-6.14
-7.64
-6.03
-6.54
-5.39
-5.93
-5.75
-5.89
-6.24
-7.06
-6.11
-6.35
-6.03
-5.83
-7.03
-6.73
-5.73
-5.43
-5.86
-7.42
-6.4
-7.49
-6.65
-6.13
-6.37
-4.57
-5.48
-6.04
-6.44
-6.78
-5.02
-7.03
-7.08
-6.89
-6.5
-7.6
-8.25
-5.75
-5.37
-6.69
-7.89
-8.24
-6.58
-6.3
-6.57
-7.64
-6.35
-6.3
-8.09
-5.88
-4.97
-7.41
-6.6
-5.44
-5.5
-5.8
-6.37
-6.81
-5.64
-5.95
-6.5
-5.51
-5.5
-6.62
-5.51
-6.05
-4.52
-5.8
-7.23
-6.42
-6.65
-8.41
-7.31
-6.86
-5.31
-5.53
-5.24
-5.52
-6.28
-9.03
-5.25
-7.19
-7.06
-6.04
-5.86
-6.33
-7.64
-6.58
-7.18
-6.04
-6.09
-5.4
-6.52
-6.79
-6.67
-7.15
-7.14
-7.43
-7.01
-5.93
-6.24
-5.79
-6.1
-7.76
-6.32
-6.22
-6.45
-4.48
-6.26
-5.75
-8.02
-5.82
-6.76
-6.03
-7.21
-6.13
-5.68
-5.25
-6.65
-6.29
-7.05
-6.61
-4.68
-7.94
-5.73
-6.27
-5.3
-5.02
-7.6
-7.02
-6.92
-5.13
-7.16
-6.07
-6.13
-7.45
-4.78
-6.38
-6.23
-6.87
-6.05
-7.57
-6.3
-6.47
-5.18
-7.63
-6.12
-5.84
-6.34
-7.45
-7.52
-7.66
-6.75
-5.05
-8.22
-7.47
-6.62
-7.02
-8.17
-5.9
-5.99
-5.49
-6.16
-6.19
-6.95
-7.02
-5.85
-6.16
-7.27
-6.1
-7.51
-4.85
-6.85
-7.73
-5.54
-6.51
-5.95
-6.85
-4.77
-6.77
-5.51
-6.59
-8.06
-4.8
-5.84
-6.07
-7.34
