-12.41
-10.46
-9.35
-10.74
-11.65
-8.91
-9.94
-11.28
-9.7
-12.22
-10.26
-10.99
-8.16
-9.37
-9.23
-9.84
-8.78
-11.68
-11.12
-8.78
-9.36
-9.86
-9.33
-12.26
-10.62
-11.4
-10.01
-8.54
-10.02
-10.68
-9.61
-10.36
-10.25
-10.5
-12.34
-11.52
-9.18
-11.67
-13.22
-9.27
-12.65
-10.76
-10.91
-11.19
-9.91
-9.32
-9.55
-10.28
-10.06
-10.02
-9.65
-10.28
-9.33
-8.9
-10.83
-9.61
-11.34
-9.6
-9.28
-9.79
-9.11
-11.09
-9.89
-9.79
-9.92
-8.22
-9.58
-9.55
-9.47
-10.02
-9.08
-9.69
-8.89
-9.2
-8.93
-11.34
-11.16
-10.24
-10.42
-8.87
-9.98
-9.28
-11.82
-10.14
-8.46
-11.03
-10.95
-9.71
-10.55
-10.02
-11.41
-9.94
-9.55
-10.92
-8.4
-10.48
-10.37
-9.96
-10.67
-9.63
-9.89
-11.54
-10.34
-9.7
-9.08
-10.4
-8.1
-10.53
-8.36
-8.93
-9.88
-8.94
-10.51
-8.99
-11.03
-10.33
-10.27
-9.84
-10.1
-8.0
-10.8
-8.55
-9.92
-9.51
-8.61
-9.32
-10.58
-10.26
-10.97
-10.46
-9.46
-10.19
-10.36
-10.15
-9.14
-9.89
-9.45
-8.48
-10.7
-9.78
-9.05
-10.41
-10.18
-9.74
-11.69
-9.55
-9.52
-11.34
-9.92
-9.63
-9.59
-10.96
-10.09
-11.98
-10.11
-11.83
-10.23
-11.2
-11.19
-9.97
-8.91
-9.93
-9.43
-10.48
-12.13
-9.11
-9.17
-9.51
-10.69
-9.9
-9.92
-11.69
-10.76
-9.55
-8.84
-9.34
-9.78
-10.13
-11.17
-11.78
-8.3
-11.46
-9.86
-8.74
-9.9
-10.13
-8.44
-8.65
-8.53
-8.0
-8.78
-10.16
-10.53
-10.03
-9.49
-11.35
-8.09
-11.25
-8.59
-9.88
-9.68
-10.13
-10.45
-11.43
-10.14
-11.65
-11.49
-10.99
-10.79
-11.59
-8.86
-10.78
-10.53
-9.4
-9.51
-9.76
-10.92
-10.47
-9.31
-10.36
-9.03
-10.73
-10.66
-11.36
-10.14
-8.13
-11.15
-9.94
-11.52
-8.19
-9.38
-9.38
-11.99
-9.59
-10.9
-10.97
-8.48
-10.55
-11.35
-10.03
-9.91
-9.36
-9.68
-8.8
-11.41
-9.97
-10.42
-8.37
-11.47
-10.71
-8.67
-10.99
-11.32
-11.87
-10.44
-11.18
-9.7
-12.3
-9.13
-9.9
-10.76
-11.42
-9.69
-11.28
-9.57
-10.94
-10.42
-8.65
-9.25
-9.29
-10.92
-10.28
-9.96
-9.09
-9.33
-11.7
-9.37
-8.99
-11.02
-9.12
-12.7
-11.22
-11.26
-10.45
-11.85
-11.72
-8.94
-10.31
-8.37
-10.22
-9.26
-10.15
-8.82
-10.26
-10.2
-9.93
-10.52
-10.8
-10.29
-11.22
-9.69
-9.29
-10.43
-10.49
-10.9
-9.62
-9.64
-9.57
-10.09
-9.1
-10.55
-9.79
-10.21
-9.79
-11.43
-9.71
-8.91
-8.95
-9.62
-9.97
-11.74
-11.26
-8.77
-9.76
-10.21
-9.46
-9.92
-9.49
-10.36
-9.62
-9.38
-10.04
-8.89
-10.77
-7.82
-10.93
-10.62
-9.29
-11.59
-10.62
-12.06
-9.97
-11.38
-11.14
-8.46
-8.83
-10.35
-11.13
-9.96
-10.57
-11.08
-9.7
-10.42
-11.4
-8.78
-11.66
-9.33
-10.51
-8.12
-10.37
-10.94
-8.42
-10.04
-9.22
-8.16
-10.04
-11.64
-10.36
-12.02
-7.78
-10.95
-10.83
-11.76
-9.02
-10.78
-9.61
-11.18
-10.92
-9.81
-9.01
-10.5
-10.31
-8.94
-10.49
-10.01
-10.23
-12.07
-10.06
-10.26
-9.46
-9.7
-7.72
-9.52
-11.04
-8.09
-9.87
-10.07
-10.62
-8.38
-10.7
-10.53
-9.75
-9.59
-10.01
-8.28
-11.28
-10.78
-11.48
-11.22
-8.23
-9.59
-9.8
-9.9
-8.28
-9.4
-10.07
-11.96
-8.33
-9.81
-12.13
-11.81
-10.68
-10.15
-9.97
-10.25
-10.94
-9.71
-10.19
-10.47
-10.59
-10.24
-9.22
-10.53
-10.23
-9.61
-12.25
-10.44
-11.23
-8.85
-9.06
-11.92
-11.16
-9.25
-8.8
-10.59
-10.36
-7.87
-8.71
-9.23
-10.28
-9.85
-10.4
-9.74
-10.69
-10.07
-9.64
-8.01
-8.71
-10.13
-8.59
-10.59
-8.16
-8.94
-9.22
-9.53
-9.89
-9.0
-9.32
-10.01
-9.98
-10.54
-10.26
-9.13
-10.88
-10.28
-10.99
-10.38
-8.32
-8.38
-8.92
-9.12
-11.05
-8.31
-8.15
-9.02
-8.35
-8.19
-9.19
-9.26
-10.52
-11.34
-11.97
-11.73
-10.69
-10.67
-11.63
-10.77
-11.01
-9.93
-9.45
-11.16
-10.63
-10.66
-10.07
-8.64
-8.88
-10.55
-8.63
-11.19
-9.25
-9.29
-10.27
-9.13
-8.63
-8.4
-11.56
-10.45
-11.59
-8.61
-9.4
-9.96
-10.61
-11.64
-9.52
-11.59
-9.85
-11.95
-12.22
-10.22
-8.38
-11.24
-11.96
-8.19
-8.59
-10.96
-10.13
-9.59
-9.38
-9.23
-9.93
-10.41
-9.01
-9.32
-8.88
-9.94
-10.57
-8.67
-10.93
-9.89
-9.07
-10.76
-10.89
-11.54
-7.92
-9.5
-11.55
-9.53
-10.35
-8.5
-10.93
-10.63
-8.82
-10.17
-9.17
-11.0
-11.24
-9.64
-10.71
-12.99
-9.53
-8.02
-11.17
-9.89
-10.28
-11.62
-10.88
-9.71
-10.2
-9.81
-9.77
-9.05
-9.8
-10.45
-9.97
-10.21
-10.02
-11.79
-10.87
-10.02
-9.46
-10.52
-11.33
-11.69
-10.6
-9.71
-9.7
-9.53
-8.37
-10.49
-10.63
-8.17
-10.3
-10.47
-9.42
-10.15
-10.41
-11.19
-8.67
-9.1
-8.15
-10.82
-8.44
-9.24
-10.61
-11.53
-10.1
-11.58
-9.83
-10.71
-11.34
-10.52
-10.16
-9.45
-11.68
-11.26
-9.54
-8.85
-9.0
-9.08
-9.3
-10.48
-9.5
-9.01
-8.96
-10.09
-8.58
-9.99
-9.39
-8.97
-9.43
-10.71
-9.73
-9.66
-8.05
-9.14
-11.2
-10.16
-11.18
-10.64
-9.73
-9.97
-9.94
-9.52
-10.31
-9.15
-11.0
-9.9
-9.31
-10.83
-9.04
-9.68
-10.62
-11.61
-9.11
-12.06
-10.05
-10.26
-10.39
-10.0
-9.57
-8.54
-9.67
-8.7
-9.81
-10.52
-10.31
-9.66
-11.25
-11.17
-7.82
-9.42
-8.73
-9.19
-10.37
-9.6
-9.52
-10.23
-8.18
-10.7
-8.55
-10.25
-9.54
-10.55
-7.07
-8.63
-10.71
-9.54
-10.89
-9.35
-9.96
-8.26
-9.89
-10.68
-8.84
-10.11
-9.64
-11.12
-9.58
-10.43
-10.42
-9.5
-10.29
-9.5
-9.0
-9.29
-10.28
-11.99
-9.34
-9.58
-8.84
-9.22
-9.53
-10.0
-10.74
-9.72
-8.43
-10.4
-9.69
-9.87
-9.39
-9.65
-12.26
-10.69
-10.19
-8.83
-10.26
-9.43
-9.6
-11.46
-11.28
-9.78
-9.13
-9.41
-9.93
-9.69
-9.91
-8.96
-9.5
-7.96
-10.17
-12.22
-9.84
-10.69
-9.4
-10.22
-8.67
-10.4
-8.8
-10.14
-9.34
-10.17
-9.16
-9.41
-10.23
-11.04
-10.24
-9.83
-9.75
-9.49
-9.69
-8.79
-9.63
-10.26
-9.76
-8.68
-8.78
-10.17
-12.25
-10.48
-8.62
-8.09
-10.9
-10.3
-9.52
-9.52
-9.14
-9.58
-9.97
-10.12
-9.51
-10.57
-9.2
-9.45
-10.76
-9.71
-9.42
-8.12
-9.93
-11.85
-8.99
-9.32
-9.24
-9.94
-8.91
-10.72
-9.09
-9.54
-9.82
-10.32
-9.69
-11.85
-10.87
-10.72
-9.76
-10.56
-10.58
-11.62
-10.64
-11.04
-10.06
-10.35
-8.4
-9.36
-10.89
-10.69
-10.51
-11.07
-10.04
-9.92
-9.79
-10.34
-10.09
-8.27
-11.31
-9.93
-9.47
-9.41
-10.77
-10.21
-9.19
-10.03
-9.72
-10.71
-11.55
-10.84
-9.75
-10.15
-10.61
-11.1
-10.06
-10.38
-10.43
-11.67
-11.16
-10.17
-10.25
-10.03
-7.3
-10.17
-10.57
-10.08
-9.95
-11.34
-9.38
-10.55
-10.38
-12.19
-8.75
-10.15
-9.68
-9.47
-9.23
-8.59
-9.04
-10.75
-10.25
-9.31
-9.97
-9.12
-10.36
-9.13
-10.14
-10.53
-9.95
-9.89
-9.85
-11.98
-8.34
-10.23
-9.62
-10.1
-10.08
-10.12
-12.01
-10.55
-8.8
-11.18
-9.03
-8.98
-11.76
-8.8
-8.93
-9.69
-9.31
-11.92
-9.64
-10.42
-9.44
-9.85
-7.88
-8.91
-10.92
-12.17
-8.89
-10.6
-12.5
-7.08
-7.37
-8.22
-11.77
-12.48
-9.2
-10.41
-10.43
-9.94
-9.69
-12.28
-10.91
-9.82
-10.77
-10.01
-8.65
-10.02
-10.66
-9.77
-10.83
-11.03
-9.13
-10.92
-8.69
-10.15
-9.59
-10.85
-10.54
-11.92
-10.5
-10.52
-8.26
-10.53
-10.58
-8.87
-10.43
-9.77
-8.71
-11.28
-9.34
-9.55
-8.99
-9.39
-9.76
-10.76
-8.47
-10.88
-10.32
-10.69
-11.28
-11.53
-9.49
-12.29
-8.91
-10.17
-9.0
-10.19
-12.19
-11.14
-9.42
-10.57
-10.56
-10.7
-9.55
-9.86
-9.85
-13.25
-10.14
-11.23
-9.14
-9.84
-10.42
-9.92
-9.18
-8.74
-9.05
-11.25
-10.79
-11.25
-9.01
-9.92
