-15.98
-12.05
-11.22
-12.49
-12.36
-11.17
-13.76
-12.45
-17.14
-12.64
-13.25
-12.81
-14.72
-14.35
-13.53
-11.63
-11.44
-10.5
-13.45
-12.91
-11.74
-12.46
-12.27
-13.99
-13.76
-12.85
-15.5
-14.49
-12.9
-13.93
-14.09
-11.06
-14.29
-12.31
-12.88
-14.64
-12.86
-13.72
-15.08
-14.15
-11.92
-12.3
-11.55
-14.25
-11.03
-14.5
-14.68
-14.46
-14.35
-14.84
-13.75
-14.41
-11.47
-11.59
-13.13
-10.93
-12.91
-12.11
-13.01
-11.8
-11.62
-12.08
-13.41
-12.17
-11.52
-11.94
-13.49
-14.68
-12.76
-13.04
-13.84
-12.41
-13.75
-12.87
-12.3
-12.72
-13.51
-15.07
-12.79
-12.33
-11.93
-14.88
-12.26
-12.31
-12.92
-12.47
-11.57
-15.0
-13.22
-14.71
-11.68
-14.27
-12.04
-14.48
-13.85
-11.39
-13.38
-11.59
-14.08
-12.43
-11.9
-11.31
-11.46
-13.64
-14.2
-12.77
-11.73
-13.57
-10.9
-11.69
-13.81
-12.98
-11.85
-12.73
-12.28
-13.08
-12.83
-13.76
-13.02
-12.87
-12.4
-12.44
-14.02
-12.45
-12.7
-13.15
-13.15
-10.9
-13.46
-13.85
-11.21
-13.29
-12.38
-12.5
-12.64
-12.93
-12.06
-12.58
-13.26
-13.21
-12.74
-12.47
-12.45
-12.49
-11.37
-13.13
-12.99
-10.65
-12.2
-14.07
-11.13
-11.96
-13.48
-13.99
-13.1
-13.04
-10.93
-14.66
-12.2
-10.95
-12.83
-12.61
-12.79
-14.47
-11.97
-12.62
-12.9
-13.74
-11.13
-13.37
-12.44
-13.78
-13.22
-14.42
-13.77
-13.58
-11.12
-16.37
-14.53
-11.42
-12.04
-14.25
-12.44
-11.73
-13.13
-15.25
-12.24
-12.99
-12.53
-12.89
-13.45
-12.39
-11.7
-12.05
-14.09
-14.58
-11.77
-13.95
-14.72
-10.89
-13.92
-11.91
-12.36
-13.7
-11.57
-14.43
-11.39
-14.19
-12.23
-13.39
-11.24
-14.19
-12.35
-12.45
-13.13
-11.62
-11.13
-12.6
-14.91
-13.62
-12.02
-12.96
-11.25
-12.05
-13.57
-12.01
-11.46
-11.1
-13.7
-11.51
-11.93
-12.26
-15.14
-13.7
-12.06
-11.1
-13.76
-14.12
-10.89
-11.9
-12.8
-14.4
-14.0
-11.19
-14.0
-12.55
-12.59
-12.35
-14.25
-12.94
-10.15
-12.78
-12.82
-10.92
-11.52
-14.0
-13.03
-11.49
-12.71
-15.74
-12.02
-11.49
-12.85
-15.0
-12.49
-13.26
-12.07
-11.85
-12.94
-13.05
-11.75
-12.99
-13.39
-14.91
-11.52
-13.32
-10.08
-13.03
-13.64
-10.97
-12.26
-11.76
-13.79
-14.86
-12.83
-12.29
-12.88
-13.75
-14.43
-13.52
-12.94
-13.34
-11.64
-13.64
-14.02
-12.57
-13.59
-10.63
-11.17
-12.51
-14.01
-11.57
-14.46
-13.4
-12.73
-11.51
-12.9
-12.44
-12.56
-12.9
-13.91
-12.73
-11.46
-12.79
-12.7
-12.41
-10.41
-12.73
-12.24
-14.34
-12.58
-14.09
-13.05
-11.18
-12.2
-12.29
-12.29
-11.06
-12.14
-13.73
-12.25
-13.22
-11.16
-12.26
-11.33
-11.67
-12.92
-15.25
-14.11
-12.38
-14.29
-12.01
-13.18
-13.64
-14.7
-11.87
-12.95
-14.48
-12.69
-12.68
-15.22
-12.81
-12.98
-12.28
-10.09
-12.81
-13.43
-11.32
-12.21
-11.48
-12.74
-13.32
-13.09
-12.13
-14.05
-11.97
-13.49
-12.01
-10.93
-12.58
-14.31
-12.73
-12.03
-12.84
-12.5
-12.64
-13.63
-12.31
-12.67
-12.1
-14.31
-15.32
-10.6
-14.74
-15.44
-13.14
-13.22
-10.26
-12.44
-13.45
-11.6
-12.27
-11.0
-12.93
-11.32
-13.13
-12.31
-12.11
-11.69
-12.9
-13.89
-13.17
-12.38
-11.5
-14.36
-12.74
-12.28
-12.6
-12.2
-11.6
-14.17
-11.18
-14.26
-12.15
-12.02
-11.69
-12.81
-12.98
-13.78
-12.2
-12.49
-14.04
-12.52
-12.11
-11.18
-11.79
-14.36
-11.42
-13.94
-13.23
-11.97
-12.55
-12.8
-13.94
-13.65
-12.48
-11.64
-12.5
-13.87
-11.27
-13.31
-13.13
-13.19
-12.12
-17.52
-11.93
-15.23
-13.45
-12.65
-11.44
-11.48
-12.94
-12.87
-11.06
-13.54
-14.73
-13.97
-13.22
-11.2
-13.51
-12.43
-13.66
-14.17
-14.04
-11.98
-13.74
-11.8
-12.46
-10.74
-14.64
-12.85
-13.18
-11.8
-14.17
-12.6
-13.74
-11.43
-13.53
-12.28
-13.84
-14.07
-11.83
-11.49
-12.45
-13.0
-12.28
-11.57
-12.02
-14.08
-12.01
-13.09
-11.48
-11.63
-11.4
-13.58
-11.85
-10.25
-12.91
-11.52
-12.42
-15.6
-11.26
-11.94
-10.67
-11.35
-11.1
-11.41
-13.23
-11.79
-12.71
-13.23
-13.6
-13.81
-11.58
-13.12
-12.74
-13.89
-13.55
-13.75
-13.37
-10.95
-13.35
-12.5
-11.8
-13.21
-12.98
-11.23
-12.58
-12.95
-14.32
-11.67
-13.95
-14.72
-14.15
-13.85
-14.63
-15.02
-13.6
-12.28
-13.12
-13.36
-13.06
-11.52
-11.94
-12.55
-11.65
-12.95
-12.31
-13.14
-14.65
-13.01
-11.74
-13.04
-12.91
-12.82
-13.32
-12.45
-11.8
-15.26
-11.15
-12.23
-14.35
-11.9
-13.39
-13.7
-11.47
-10.91
-13.4
-12.56
-11.23
-12.78
-13.35
-12.92
-13.21
-13.61
-13.7
-14.47
-11.68
-13.17
-12.07
-13.04
-12.1
-13.35
-12.38
-11.89
-12.71
-11.86
-12.14
-11.51
-13.59
-12.45
-11.45
-13.06
-13.29
-11.96
-13.11
-12.85
-13.58
-14.09
-11.66
-12.65
-11.55
-10.21
-13.01
-10.96
-13.59
-12.56
-11.59
-11.73
-10.99
-11.58
-10.78
-14.64
-12.7
-12.22
-13.47
-15.06
-12.09
-12.1
-11.19
-15.08
-12.2
-13.78
-12.43
-11.77
-12.3
-11.09
-12.62
-11.0
-10.72
-13.94
-12.96
-13.9
-11.85
-11.03
-12.44
-11.61
-11.93
-11.87
-13.0
-13.36
-15.48
-11.88
-13.11
-12.22
-12.69
-13.27
-10.95
-13.37
-12.45
-13.39
-12.26
-13.89
-11.44
-14.24
-17.16
-13.8
-12.84
-14.04
-12.31
-11.54
-12.21
-11.9
-13.52
-11.93
-11.92
-11.44
-12.92
-12.19
-12.47
-14.12
-11.7
-12.42
-12.99
-12.97
-11.25
-12.15
-11.37
-11.86
-13.54
-10.44
-13.13
-12.66
-12.8
-10.24
-12.38
-11.91
-11.74
-12.8
-13.85
-13.46
-11.85
-13.36
-12.18
-12.31
-12.37
-13.84
-12.97
-14.23
-12.43
-10.66
-14.99
-12.94
-14.03
-11.16
-12.65
-13.49
-14.06
-11.74
-11.14
-12.04
-11.47
-13.29
-12.53
-12.77
-13.32
-13.49
-11.98
-13.29
-12.2
-12.82
-12.95
-12.19
-12.91
-12.54
-12.67
-11.58
-11.78
-14.12
-13.75
-12.56
-12.97
-13.17
-14.24
-12.69
-14.66
-12.76
-11.43
-10.65
-12.49
-15.63
-13.74
-11.96
-11.46
-12.2
-11.97
-13.71
-11.45
-12.81
-12.08
-13.71
-11.96
-13.29
-13.57
-14.22
-11.56
-14.14
-12.84
-13.45
-14.98
-15.07
-11.65
-14.16
-14.56
-12.47
-11.57
-14.57
-11.61
-14.07
-11.7
-13.85
-14.05
-12.62
-14.04
-11.96
-13.81
-13.6
-11.66
-12.1
-13.03
-12.65
-10.71
-10.51
-13.9
-12.25
-13.21
-11.81
-12.61
-11.9
-11.73
-11.8
-12.07
-15.56
-13.59
-9.94
-10.64
-11.49
-12.56
-12.5
-11.51
-12.09
-11.19
-13.84
-12.17
-13.27
-12.52
-12.38
-13.77
-13.83
-11.81
-13.16
-12.68
-14.23
-12.78
-14.55
-12.96
-13.51
-13.34
-11.03
-11.25
-12.92
-12.64
-11.23
-13.87
-14.9
-13.06
-11.38
-10.33
-13.66
-10.94
-12.47
-12.74
-12.17
-13.89
-13.12
-14.13
-12.12
-12.15
-12.33
-14.84
-12.02
-13.19
-14.52
-12.57
-15.09
-13.77
-11.99
-12.86
-12.59
-12.41
-13.98
-12.53
-14.61
-12.2
-14.93
-12.37
-12.34
-11.97
-12.57
-12.19
-12.37
-12.21
-13.93
-13.12
-13.0
-12.6
-13.39
-11.35
-13.02
-10.65
-12.7
-12.68
-11.69
-14.89
-11.97
-13.54
-13.05
-12.61
-12.21
-13.99
-12.49
-12.06
-16.8
-13.27
-13.26
-11.68
-13.05
-14.05
-13.64
-13.59
-13.01
-11.01
-14.21
-12.55
-12.81
-13.29
-13.17
-12.02
-13.48
-12.18
-13.12
-12.25
-12.57
-13.81
-12.65
-13.32
-12.89
-11.57
-13.79
-11.25
-13.05
-12.99
-12.61
-10.93
-12.28
-12.31
-12.06
-12.38
-13.79
-13.92
-12.56
-12.69
-13.95
-12.03
-13.83
-13.2
-12.93
-12.4
-13.84
-12.08
-12.42
-12.62
-11.77
-12.32
-13.87
-12.25
-12.83
-13.49
-13.32
-13.53
-15.38
-11.78
-10.86
-12.02
-12.05
-13.43
-12.59
-11.18
-12.78
-11.86
-14.53
-12.55
-12.11
-10.57
-13.03
-12.07
-12.98
-13.05
-15.23
-11.8
-11.23
-12.71
-13.53
-14.43
-12.6
-13.72
-13.28
-13.36
-12.63
-12.38
-10.98
-11.7
-13.8
-14.39
-11.07
-14.32
-11.92
-13.13
-12.47
-14.46
-11.28
-11.67
-12.86
-11.58
-13.97
-13.77
-12.18
-12.11
-13.67
-11.76
-14.49
-12.54
-13.1
-14.76
-10.63
-12.93
-11.61
-11.08
-11.33
-12.21
-12.14
-12.6
-10.68
-13.86
